partiesfile version 1
603 603
 1 0 0 p_main_party Main_Party 1048576 0 0 13 0 0 0 0 0 16.340000 -62.880000 16.340000 -62.880000 16.340000 -62.880000 0.0 1 0 1 0 0 
0.000000
 1 1 1 p_temp_party {!}temp_party 256 0 0 1 0 0 0 0 0 0.000000 0.000000 0.000000 0.000000 0.000000 0.000000 0.0 0 
0.000000
 1 2 2 p_camp_bandits {!}camp_bandits 256 0 0 2 0 0 0 0 0 1.000000 1.000000 1.000000 1.000000 1.000000 1.000000 0.0 1 3 3 0 0 
0.000000
 1 3 3 p_temp_party_2 {!}temp_party_2 256 0 0 1 0 0 0 0 0 0.000000 0.000000 0.000000 0.000000 0.000000 0.000000 0.0 0 
0.000000
 1 4 4 p_temp_casualties {!}casualties 256 0 0 3 0 0 0 0 0 1.000000 1.000000 1.000000 1.000000 1.000000 1.000000 0.0 0 
0.000000
 1 5 5 p_temp_casualties_2 {!}casualties 256 0 0 3 0 0 0 0 0 1.000000 1.000000 1.000000 1.000000 1.000000 1.000000 0.0 0 
0.000000
 1 6 6 p_temp_casualties_3 {!}casualties 256 0 0 3 0 0 0 0 0 1.000000 1.000000 1.000000 1.000000 1.000000 1.000000 0.0 0 
0.000000
 1 7 7 p_temp_wounded {!}enemies_wounded 256 0 0 3 0 0 0 0 0 1.000000 1.000000 1.000000 1.000000 1.000000 1.000000 0.0 0 
0.000000
 1 8 8 p_temp_killed {!}enemies_killed 256 0 0 3 0 0 0 0 0 1.000000 1.000000 1.000000 1.000000 1.000000 1.000000 0.0 0 
0.000000
 1 9 9 p_main_party_backup {!}_ 256 0 0 3 0 0 0 0 0 1.000000 1.000000 1.000000 1.000000 1.000000 1.000000 0.0 0 
0.000000
 1 10 10 p_encountered_party_backup {!}_ 256 0 0 3 0 0 0 0 0 1.000000 1.000000 1.000000 1.000000 1.000000 1.000000 0.0 0 
0.000000
 1 11 11 p_collective_friends_backup {!}_ 256 0 0 3 0 0 0 0 0 1.000000 1.000000 1.000000 1.000000 1.000000 1.000000 0.0 0 
0.000000
 1 12 12 p_player_casualties {!}_ 256 0 0 3 0 0 0 0 0 1.000000 1.000000 1.000000 1.000000 1.000000 1.000000 0.0 0 
0.000000
 1 13 13 p_enemy_casualties {!}_ 256 0 0 3 0 0 0 0 0 1.000000 1.000000 1.000000 1.000000 1.000000 1.000000 0.0 0 
0.000000
 1 14 14 p_ally_casualties {!}_ 256 0 0 3 0 0 0 0 0 1.000000 1.000000 1.000000 1.000000 1.000000 1.000000 0.0 0 
0.000000
 1 15 15 p_collective_enemy {!}collective_enemy 256 0 0 3 0 0 0 0 0 1.000000 1.000000 1.000000 1.000000 1.000000 1.000000 0.0 0 
0.000000
 1 16 16 p_collective_ally {!}collective_ally 256 0 0 3 0 0 0 0 0 1.000000 1.000000 1.000000 1.000000 1.000000 1.000000 0.0 0 
0.000000
 1 17 17 p_collective_friends {!}collective_ally 256 0 0 3 0 0 0 0 0 1.000000 1.000000 1.000000 1.000000 1.000000 1.000000 0.0 0 
0.000000
 1 18 18 p_total_enemy_casualties {!}_ 256 0 0 3 0 0 0 0 0 1.000000 1.000000 1.000000 1.000000 1.000000 1.000000 0.0 0 
0.000000
 1 19 19 p_routed_enemies {!}routed_enemies 256 0 0 3 0 0 0 0 0 1.000000 1.000000 1.000000 1.000000 1.000000 1.000000 0.0 0 
0.000000
 1 20 20 p_zendar Zendar 2114873 0 0 3 0 0 0 0 0 18.000000 60.000000 18.000000 60.000000 18.000000 60.000000 0.0 0 
0.000000
 1 21 21 p_french_town_1 Bourges 4219964 0 0 3 0 0 0 0 0 48.410000 -1.140000 48.410000 -1.140000 48.410000 -1.140000 0.0 0 
2.984514
 1 22 22 p_french_town_2 Orléans 4219961 0 0 3 0 0 0 0 0 36.680000 35.970000 36.680000 35.970000 36.680000 35.970000 0.0 0 
0.034907
 1 23 23 p_french_town_3 Tours 4219961 0 0 3 0 0 0 0 0 -1.490000 14.790000 -1.490000 14.790000 -1.490000 14.790000 0.0 0 
6.178468
 1 24 24 p_french_town_4 Poitiers 4219965 0 0 3 0 0 0 0 0 -13.590000 -18.760000 -13.590000 -18.760000 -13.590000 -18.760000 0.0 0 
6.213375
 1 25 25 p_french_town_5 La_Rochelle 4219968 0 0 3 0 0 0 0 0 -58.340000 -35.850000 -58.340000 -35.850000 -58.340000 -35.850000 0.0 0 
5.637416
 1 26 26 p_french_town_6 Clermont 4219963 0 0 3 0 0 0 0 0 65.480000 -58.310000 65.480000 -58.310000 65.480000 -58.310000 0.0 0 
4.066619
 1 27 27 p_french_town_7 Moulins 4219963 0 0 3 0 0 0 0 0 76.190000 -27.060000 76.190000 -27.060000 76.190000 -27.060000 0.0 0 
5.480336
 1 28 28 p_french_town_8 Aurillac 4219967 0 0 3 0 0 0 0 0 43.320000 -93.570000 43.320000 -93.570000 43.320000 -93.570000 0.0 0 
4.660031
 1 29 29 p_french_town_9 Lyon 4219963 0 0 3 0 0 0 0 0 117.880000 -61.220000 117.880000 -61.220000 117.880000 -61.220000 0.0 0 
5.759589
 1 30 30 p_french_town_10 Le_Puy 4219967 0 0 3 0 0 0 0 0 85.500000 -87.120000 85.500000 -87.120000 85.500000 -87.120000 0.0 0 
5.078910
 1 31 31 p_french_town_11 Cahors 4219967 0 0 3 0 0 0 0 0 14.450000 -109.610000 14.450000 -109.610000 14.450000 -109.610000 0.0 0 
1.186824
 1 32 32 p_french_town_12 Rodez 4219967 0 0 3 0 0 0 0 0 34.970000 -116.270000 34.970000 -116.270000 34.970000 -116.270000 0.0 0 
5.096364
 1 33 33 p_french_town_13 Lectoure 4219967 0 0 3 0 0 0 0 0 -9.110000 -134.030000 -9.110000 -134.030000 -9.110000 -134.030000 0.0 0 
0.715585
 1 34 34 p_french_town_14 Tarbes 4219967 0 0 3 0 0 0 0 0 -26.360000 -165.670000 -26.360000 -165.670000 -26.360000 -165.670000 0.0 0 
5.270897
 1 35 35 p_french_town_15 Toulouse 4219963 0 0 3 0 0 0 0 0 12.060000 -146.770000 12.060000 -146.770000 12.060000 -146.770000 0.0 0 
4.660031
 1 36 36 p_french_town_16 Carcassonne 4219967 0 0 3 0 0 0 0 0 35.810000 -166.460000 35.810000 -166.460000 35.810000 -166.460000 0.0 0 
2.670355
 1 37 37 p_french_town_17 Montpellier 4219964 0 0 3 0 0 0 0 0 82.980000 -150.310000 82.980000 -150.310000 82.980000 -150.310000 0.0 0 
0.349066
 1 38 38 p_french_town_18 Valence 4219968 0 0 3 0 0 0 0 0 118.110000 -97.040000 118.110000 -97.040000 118.110000 -97.040000 0.0 0 
6.143562
 1 39 39 p_french_town_19 Thouars 4219965 0 0 3 0 0 0 0 0 -34.010000 -3.020000 -34.010000 -3.020000 -34.010000 -3.020000 0.0 0 
4.817111
 1 40 40 p_french_town_20 Tournai 4219964 0 0 3 0 0 0 0 0 84.380000 147.420000 84.380000 147.420000 84.380000 147.420000 0.0 0 
2.426009
 1 41 41 p_french_town_21 Gien 4219965 0 0 3 0 0 0 0 0 57.900000 26.170000 57.900000 26.170000 57.900000 26.170000 0.0 0 
5.567603
 1 42 42 p_french_town_22 Montargis-le-Franc 4219965 0 0 3 0 0 0 0 0 59.120000 39.010000 59.120000 39.010000 59.120000 39.010000 0.0 0 
0.750492
 1 43 43 p_french_town_23 Nîmes 4219964 0 0 3 0 0 0 0 0 97.920000 -142.000000 97.920000 -142.000000 97.920000 -142.000000 0.0 0 
3.630286
 1 44 44 p_french_town_24 Bergerac 4219968 0 0 3 0 0 0 0 0 -6.350000 -92.520000 -6.350000 -92.520000 -6.350000 -92.520000 0.0 0 
5.846856
 1 45 45 p_french_town_25 Périgueux 4219968 0 0 3 0 0 0 0 0 -5.980000 -79.610000 -5.980000 -79.610000 -5.980000 -79.610000 0.0 0 
3.316127
 1 46 46 p_french_town_26 Angoulême 4219964 0 0 3 0 0 0 0 0 -23.090000 -61.050000 -23.090000 -61.050000 -23.090000 -61.050000 0.0 0 
4.188792
 1 47 47 p_french_town_27 Limoges 4219968 0 0 3 0 0 0 0 0 10.100000 -52.620000 10.100000 -52.620000 10.100000 -52.620000 0.0 0 
4.694938
 1 48 48 p_french_town_28 Angers 4219962 0 0 3 0 0 0 0 0 -37.300000 20.910000 -37.300000 20.910000 -37.300000 20.910000 0.0 0 
5.881762
 1 49 49 p_french_town_29 Foix 4219963 0 0 3 0 0 0 0 0 13.680000 -175.630000 13.680000 -175.630000 13.680000 -175.630000 0.0 0 
2.565635
 1 50 50 p_english_town_1 Paris 4219969 0 0 3 0 0 0 0 0 45.140000 77.380000 45.140000 77.380000 45.140000 77.380000 0.0 0 
5.777042
 1 51 51 p_english_town_2 Bayonne 4219963 0 0 3 0 0 0 0 0 -74.590000 -147.810000 -74.590000 -147.810000 -74.590000 -147.810000 0.0 0 
4.049166
 1 52 52 p_english_town_3 Nemours 4219968 0 0 3 0 0 0 0 0 57.050000 55.720000 57.050000 55.720000 57.050000 55.720000 0.0 0 
0.052360
 1 53 53 p_english_town_4 Laval 4219966 0 0 3 0 0 0 0 0 -41.930000 48.030000 -41.930000 48.030000 -41.930000 48.030000 0.0 0 
1.431171
 1 54 54 p_english_town_5 Le_Mans 4219961 0 0 3 0 0 0 0 0 -14.870000 43.460000 -14.870000 43.460000 -14.870000 43.460000 0.0 0 
2.635448
 1 55 55 p_english_town_6 Bordeaux 4219964 0 0 3 0 0 0 0 0 -47.040000 -91.630000 -47.040000 -91.630000 -47.040000 -91.630000 0.0 0 
0.663225
 1 56 56 p_english_town_7 Chartres 4219964 0 0 3 0 0 0 0 0 20.260000 62.050000 20.260000 62.050000 20.260000 62.050000 0.0 0 
0.663225
 1 57 57 p_english_town_8 Rouen 4219964 0 0 3 0 0 0 0 0 10.240000 103.080000 10.240000 103.080000 10.240000 103.080000 0.0 0 
2.530729
 1 58 58 p_english_town_9 Caen 4219961 0 0 3 0 0 0 0 0 -31.380000 95.590000 -31.380000 95.590000 -31.380000 95.590000 0.0 0 
0.541052
 1 59 59 p_english_town_10 Harfleur 4219965 0 0 3 0 0 0 0 0 -14.260000 109.010000 -14.260000 109.010000 -14.260000 109.010000 0.0 0 
1.989676
 1 60 60 p_english_town_11 Cherbourg 4219965 0 0 3 0 0 0 0 0 -63.540000 115.270000 -63.540000 115.270000 -63.540000 115.270000 0.0 0 
0.139626
 1 61 61 p_english_town_12 Bayeux 4219961 0 0 3 0 0 0 0 0 -46.930000 100.480000 -46.930000 100.480000 -46.930000 100.480000 0.0 0 
0.296706
 1 62 62 p_english_town_13 Calais 4219968 0 0 3 0 0 0 0 0 33.880000 167.230000 33.880000 167.230000 33.880000 167.230000 0.0 0 
3.368487
 1 63 63 p_english_town_14 Alençon 4219965 0 0 3 0 0 0 0 0 -15.410000 64.570000 -15.410000 64.570000 -15.410000 64.570000 0.0 0 
0.314159
 1 64 64 p_english_town_15 Argentan 4219961 0 0 3 0 0 0 0 0 -21.230000 74.570000 -21.230000 74.570000 -21.230000 74.570000 0.0 0 
0.436333
 1 65 65 p_english_town_16 Tartas 4219968 0 0 3 0 0 0 0 0 -47.110000 -128.630000 -47.110000 -128.630000 -47.110000 -128.630000 0.0 0 
3.490660
 1 66 66 p_english_town_17 Dax 4219968 0 0 3 0 0 0 0 0 -53.750000 -134.410000 -53.750000 -134.410000 -53.750000 -134.410000 0.0 0 
0.698132
 1 67 67 p_english_town_18 Libourne 4219968 0 0 3 0 0 0 0 0 -34.910000 -88.170000 -34.910000 -88.170000 -34.910000 -88.170000 0.0 0 
5.672323
 1 68 68 p_english_town_19 Saint-Lô 4219961 0 0 3 0 0 0 0 0 -47.030000 88.080000 -47.030000 88.080000 -47.030000 88.080000 0.0 0 
3.839726
 1 69 69 p_english_town_20 Eu 4219965 0 0 3 0 0 0 0 0 23.790000 133.730000 23.790000 133.730000 23.790000 133.730000 0.0 0 
0.837758
 1 70 70 p_english_town_21 Avranches 4219962 0 0 3 0 0 0 0 0 -56.630000 70.150000 -56.630000 70.150000 -56.630000 70.150000 0.0 0 
3.926993
 1 71 71 p_english_town_22 Coutances 4219962 0 0 3 0 0 0 0 0 -61.070000 92.790000 -61.070000 92.790000 -61.070000 92.790000 0.0 0 
0.296706
 1 72 72 p_burgundian_town_1 Dijon 4219963 0 0 3 0 0 0 0 0 125.390000 14.070000 125.390000 14.070000 125.390000 14.070000 0.0 0 
4.223699
 1 73 73 p_burgundian_town_2 Dole 4219964 0 0 3 0 0 0 0 0 143.920000 -4.440000 143.920000 -4.440000 143.920000 -4.440000 0.0 0 
1.466077
 1 74 74 p_burgundian_town_3 Nevers 4219964 0 0 3 0 0 0 0 0 70.500000 -6.300000 70.500000 -6.300000 70.500000 -6.300000 0.0 0 
1.588250
 1 75 75 p_burgundian_town_4 Auxerre 4219964 0 0 3 0 0 0 0 0 83.020000 29.220000 83.020000 29.220000 83.020000 29.220000 0.0 0 
2.234022
 1 76 76 p_burgundian_town_5 Troyes 4219964 0 0 3 0 0 0 0 0 101.070000 57.030000 101.070000 57.030000 101.070000 57.030000 0.0 0 
0.890118
 1 77 77 p_burgundian_town_6 Compiègne 4219963 0 0 3 0 0 0 0 0 58.030000 97.440000 58.030000 97.440000 58.030000 97.440000 0.0 0 
0.209440
 1 78 78 p_burgundian_town_7 Bruges 4219968 0 0 3 0 0 0 0 0 74.610000 179.650000 74.610000 179.650000 74.610000 179.650000 0.0 0 
3.804819
 1 79 79 p_burgundian_town_8 Gand 4219964 0 0 3 0 0 0 0 0 85.540000 172.320000 85.540000 172.320000 85.540000 172.320000 0.0 0 
1.692970
 1 80 80 p_burgundian_town_9 Malines 4219965 0 0 3 0 0 0 0 0 103.120000 165.700000 103.120000 165.700000 103.120000 165.700000 0.0 0 
3.961899
 1 81 81 p_burgundian_town_10 Boulogne 4219964 0 0 3 0 0 0 0 0 28.950000 155.540000 28.950000 155.540000 28.950000 155.540000 0.0 0 
0.907572
 1 82 82 p_burgundian_town_11 Châlons-en-Champagne 4219961 0 0 3 0 0 0 0 0 105.790000 82.320000 105.790000 82.320000 105.790000 82.320000 0.0 0 
3.647740
 1 83 83 p_burgundian_town_12 Reims 4219964 0 0 3 0 0 0 0 0 94.020000 94.750000 94.020000 94.750000 94.020000 94.750000 0.0 0 
5.288350
 1 84 84 p_burgundian_town_13 Amiens 4219961 0 0 3 0 0 0 0 0 45.150000 124.680000 45.150000 124.680000 45.150000 124.680000 0.0 0 
5.742136
 1 85 85 p_burgundian_town_14 Péronne 4219963 0 0 3 0 0 0 0 0 64.420000 126.620000 64.420000 126.620000 64.420000 126.620000 0.0 0 
6.021389
 1 86 86 p_burgundian_town_15 Provins 4219961 0 0 3 0 0 0 0 0 78.660000 63.780000 78.660000 63.780000 78.660000 63.780000 0.0 0 
3.490660
 1 87 87 p_breton_town_1 Rennes 4219962 0 0 3 0 0 0 0 0 -72.680000 51.240000 -72.680000 51.240000 -72.680000 51.240000 0.0 0 
3.351034
 1 88 88 p_breton_town_2 Nantes 4219961 0 0 3 0 0 0 0 0 -68.050000 12.700000 -68.050000 12.700000 -68.050000 12.700000 0.0 0 
4.852017
 1 89 89 p_breton_town_3 Vannes 4219962 0 0 3 0 0 0 0 0 -103.390000 33.410000 -103.390000 33.410000 -103.390000 33.410000 0.0 0 
0.226893
 1 90 90 p_breton_town_4 Kemper 4219962 0 0 3 0 0 0 0 0 -142.480000 52.950000 -142.480000 52.950000 -142.480000 52.950000 0.0 0 
3.682646
 1 91 91 p_breton_town_5 Saint-Malo 4219966 0 0 3 0 0 0 0 0 -78.540000 74.980000 -78.540000 74.980000 -78.540000 74.980000 0.0 0 
6.178468
 1 92 92 p_breton_town_6 Saint-Brieuc 4219962 0 0 3 0 0 0 0 0 -102.150000 72.520000 -102.150000 72.520000 -102.150000 72.520000 0.0 0 
2.670355
 1 93 93 p_breton_town_7 Saint-Pol-de-Léon 4219962 0 0 3 0 0 0 0 0 -136.960000 77.550000 -136.960000 77.550000 -136.960000 77.550000 0.0 0 
5.689776
 1 94 94 p_breton_town_8 Rohan 4219966 0 0 3 0 0 0 0 0 -98.050000 53.680000 -98.050000 53.680000 -98.050000 53.680000 0.0 0 
0.471239
 1 95 95 p_french_castle_1 Forteresse_de_Chinon 4219943 0 0 3 0 0 0 0 0 -10.750000 6.880000 -10.750000 6.880000 -10.750000 6.880000 0.0 0 
5.340710
 1 96 96 p_french_castle_2 Châteauroux 4219955 0 0 3 0 0 0 0 0 18.510000 -21.010000 18.510000 -21.010000 18.510000 -21.010000 0.0 0 
0.977385
 1 97 97 p_french_castle_3 Château_de_Niort 4219943 0 0 3 0 0 0 0 0 -40.430000 -31.820000 -40.430000 -31.820000 -40.430000 -31.820000 0.0 0 
4.450592
 1 98 98 p_french_castle_4 La_Tour_de_Termes 4219948 0 0 3 0 0 0 0 0 -24.220000 -136.680000 -24.220000 -136.680000 -24.220000 -136.680000 0.0 0 
3.665193
 1 99 99 p_french_castle_5 Château_de_Murol 4219947 0 0 3 0 0 0 0 0 56.160000 -71.590000 56.160000 -71.590000 56.160000 -71.590000 0.0 0 
4.886924
 1 100 100 p_french_castle_6 Château_de_Polignac 4219948 0 0 3 0 0 0 0 0 83.520000 -80.100000 83.520000 -80.100000 83.520000 -80.100000 0.0 0 
0.523599
 1 101 101 p_french_castle_7 Château_de_Culant 4219952 0 0 3 0 0 0 0 0 41.110000 -23.490000 41.110000 -23.490000 41.110000 -23.490000 0.0 0 
0.052360
 1 102 102 p_french_castle_8 Château_de_Montrichard 4219955 0 0 3 0 0 0 0 0 18.930000 10.150000 18.930000 10.150000 18.930000 10.150000 0.0 0 
1.466077
 1 103 103 p_french_castle_9 Château_de_Boussac 4219945 0 0 3 0 0 0 0 0 32.380000 -27.810000 32.380000 -27.810000 32.380000 -27.810000 0.0 0 
1.117011
 1 104 104 p_french_castle_10 Yèvre-le-Châtel 4219950 0 0 3 0 0 0 0 0 43.360000 45.670000 43.360000 45.670000 43.360000 45.670000 0.0 0 
3.647740
 1 105 105 p_french_castle_11 Château_de_La_Fayette 4219953 0 0 3 0 0 0 0 0 74.430000 -76.380000 74.430000 -76.380000 74.430000 -76.380000 0.0 0 
4.974191
 1 106 106 p_french_castle_12 La_Tour_d'Auvergne 4219947 0 0 3 0 0 0 0 0 51.190000 -76.300000 51.190000 -76.300000 51.190000 -76.300000 0.0 0 
4.694938
 1 107 107 p_french_castle_13 Château_de_Charlus 4219947 0 0 3 0 0 0 0 0 30.290000 -87.720000 30.290000 -87.720000 30.290000 -87.720000 0.0 0 
0.802852
 1 108 108 p_french_castle_14 Château_de_Sancerre 4219950 0 0 3 0 0 0 0 0 62.170000 10.610000 62.170000 10.610000 62.170000 10.610000 0.0 0 
4.677484
 1 109 109 p_french_castle_15 Château_de_Tiffauges 4219947 0 0 3 0 0 0 0 0 -50.020000 2.220000 -50.020000 2.220000 -50.020000 2.220000 0.0 0 
1.884956
 1 110 110 p_french_castle_16 Forteresse_d'Auch 4219948 0 0 3 0 0 0 0 0 -10.460000 -143.810000 -10.460000 -143.810000 -10.460000 -143.810000 0.0 0 
0.122173
 1 111 111 p_french_castle_17 Mont-St-Michel 4219960 0 0 3 0 0 0 0 0 -68.460000 74.820000 -68.460000 74.820000 -68.460000 74.820000 0.0 0 
3.839726
 1 112 112 p_french_castle_18 Château_de_Turenne 4219956 0 0 3 0 0 0 0 0 19.610000 -91.150000 19.610000 -91.150000 19.610000 -91.150000 0.0 0 
6.283188
 1 113 113 p_french_castle_19 Sévérac-le-Château 4219951 0 0 3 0 0 0 0 0 47.730000 -115.630000 47.730000 -115.630000 47.730000 -115.630000 0.0 0 
5.270897
 1 114 114 p_french_castle_20 Château-Guillaume 4219948 0 0 3 0 0 0 0 0 7.270000 -29.590000 7.270000 -29.590000 7.270000 -29.590000 0.0 0 
3.752460
 1 115 115 p_french_castle_21 Château_de_Virieu 4219945 0 0 3 0 0 0 0 0 132.180000 -67.610000 132.180000 -67.610000 132.180000 -67.610000 0.0 0 
2.705262
 1 116 116 p_french_castle_22 Château_de_La_Palice 4219945 0 0 3 0 0 0 0 0 88.240000 -41.120000 88.240000 -41.120000 88.240000 -41.120000 0.0 0 
1.500984
 1 117 117 p_french_castle_23 Château_du_Cheylard 4219952 0 0 3 0 0 0 0 0 104.650000 -94.540000 104.650000 -94.540000 104.650000 -94.540000 0.0 0 
1.902410
 1 118 118 p_french_castle_24 Château_de_Loches 4219955 0 0 3 0 0 0 0 0 6.950000 -1.400000 6.950000 -1.400000 6.950000 -1.400000 0.0 0 
5.881762
 1 119 119 p_french_castle_25 La_Tour_de_Marmande 4219943 0 0 3 0 0 0 0 0 -18.280000 -1.080000 -18.280000 -1.080000 -18.280000 -1.080000 0.0 0 
0.314159
 1 120 120 p_french_castle_26 Château_de_Amboise 4219943 0 0 3 0 0 0 0 0 13.710000 15.690000 13.710000 15.690000 13.710000 15.690000 0.0 0 
4.782204
 1 121 121 p_french_castle_27 Château_de_Vaujours 4219951 0 0 3 0 0 0 0 0 -11.460000 19.970000 -11.460000 19.970000 -11.460000 19.970000 0.0 0 
2.338742
 1 122 122 p_french_castle_28 Château_de_Lusignan 4219950 0 0 3 0 0 0 0 0 -26.080000 -28.310000 -26.080000 -28.310000 -26.080000 -28.310000 0.0 0 
3.822273
 1 123 123 p_french_castle_29 Château_de_Sully-sure-Loire 4219950 0 0 3 0 0 0 0 0 48.790000 28.000000 48.790000 28.000000 48.790000 28.000000 0.0 0 
3.822273
 1 124 124 p_french_castle_30 Château_de_Montaner 4219945 0 0 3 0 0 0 0 0 -32.410000 -154.450000 -32.410000 -154.450000 -32.410000 -154.450000 0.0 0 
3.822273
 1 125 125 p_french_castle_31 Château_de_Albret 4219945 0 0 3 0 0 0 0 0 -35.130000 -118.430000 -35.130000 -118.430000 -35.130000 -118.430000 0.0 0 
3.822273
 1 126 126 p_french_castle_32 Château_de_Najac 4219945 0 0 3 0 0 0 0 0 23.000000 -120.000000 23.000000 -120.000000 23.000000 -120.000000 0.0 0 
3.822273
 1 127 127 p_english_castle_1 Château_de_Castelnaud 4219946 0 0 3 0 0 0 0 0 8.040000 -97.490000 8.040000 -97.490000 8.040000 -97.490000 0.0 0 
0.261800
 1 128 128 p_english_castle_2 Forteresse_de_Rauzan 4219953 0 0 3 0 0 0 0 0 -21.650000 -98.990000 -21.650000 -98.990000 -21.650000 -98.990000 0.0 0 
1.029745
 1 129 129 p_english_castle_3 Château_de_Montréal 4219945 0 0 3 0 0 0 0 0 -13.370000 -83.040000 -13.370000 -83.040000 -13.370000 -83.040000 0.0 0 
5.131270
 1 130 130 p_english_castle_4 Château_du_Gisors 4219950 0 0 3 0 0 0 0 0 33.000000 100.220000 33.000000 100.220000 33.000000 100.220000 0.0 0 
4.537858
 1 131 131 p_english_castle_5 Château_de_Nérac 4219952 0 0 3 0 0 0 0 0 -25.320000 -121.110000 -25.320000 -121.110000 -25.320000 -121.110000 0.0 0 
0.244346
 1 132 132 p_english_castle_6 Château_de_Falaise 4219955 0 0 3 0 0 0 0 0 -30.690000 84.100000 -30.690000 84.100000 -30.690000 84.100000 0.0 0 
0.488692
 1 133 133 p_english_castle_7 Château-Gaillard 4219950 0 0 3 0 0 0 0 0 18.360000 97.710000 18.360000 97.710000 18.360000 97.710000 0.0 0 
4.537858
 1 134 134 p_english_castle_8 Château_de_Vendôme 4219950 0 0 3 0 0 0 0 0 14.210000 36.080000 14.210000 36.080000 14.210000 36.080000 0.0 0 
5.009097
 1 135 135 p_english_castle_9 Château_de_Royan 4219952 0 0 3 0 0 0 0 0 -52.490000 -61.250000 -52.490000 -61.250000 -52.490000 -61.250000 0.0 0 
4.537858
 1 136 136 p_english_castle_10 Bastille_Saint-Antoine 4219949 0 0 3 0 0 0 0 0 48.310000 78.760000 48.310000 78.760000 48.310000 78.760000 0.0 0 
6.056295
 1 137 137 p_english_castle_11 Château_de_Verneuil 4219950 0 0 3 0 0 0 0 0 9.320000 76.970000 9.320000 76.970000 9.320000 76.970000 0.0 0 
0.593412
 1 138 138 p_english_castle_12 Château_de_Mortain 4219955 0 0 3 0 0 0 0 0 -50.140000 68.030000 -50.140000 68.030000 -50.140000 68.030000 0.0 0 
0.802852
 1 139 139 p_english_castle_13 Château_de_Langoiran 4219950 0 0 3 0 0 0 0 0 -21.880000 -106.640000 -21.880000 -106.640000 -21.880000 -106.640000 0.0 0 
5.846856
 1 140 140 p_english_castle_14 Forteresse_de_Landiras 4219943 0 0 3 0 0 0 0 0 -43.880000 -105.540000 -43.880000 -105.540000 -43.880000 -105.540000 0.0 0 
5.026550
 1 141 141 p_english_castle_15 Château_de_Fronsac 4219953 0 0 3 0 0 0 0 0 -38.310000 -83.320000 -38.310000 -83.320000 -38.310000 -83.320000 0.0 0 
1.151918
 1 142 142 p_english_castle_16 Château_de_Montferrand 4219945 0 0 3 0 0 0 0 0 -45.970000 -97.940000 -45.970000 -97.940000 -45.970000 -97.940000 0.0 0 
4.799658
 1 143 143 p_english_castle_17 Château_des_Rudel 4219945 0 0 3 0 0 0 0 0 -46.930000 -77.390000 -46.930000 -77.390000 -46.930000 -77.390000 0.0 0 
5.864309
 1 144 144 p_english_castle_18 Château_de_Montbray 4219943 0 0 3 0 0 0 0 0 -52.760000 81.460000 -52.760000 81.460000 -52.760000 81.460000 0.0 0 
0.802852
 1 145 145 p_english_castle_19 Château_de_Gacé 4219955 0 0 3 0 0 0 0 0 -4.980000 78.270000 -4.980000 78.270000 -4.980000 78.270000 0.0 0 
0.366519
 1 146 146 p_english_castle_20 Château_de_Sainte-Suzanne 4219955 0 0 3 0 0 0 0 0 -27.030000 50.660000 -27.030000 50.660000 -27.030000 50.660000 0.0 0 
0.802852
 1 147 147 p_english_castle_21 Château_de_Durtal 4219943 0 0 3 0 0 0 0 0 -25.600000 26.360000 -25.600000 26.360000 -25.600000 26.360000 0.0 0 
0.802852
 1 148 148 p_english_castle_22 Château_de_Vincennes 4219955 0 0 3 0 0 0 0 0 51.320000 77.630000 51.320000 77.630000 51.320000 77.630000 0.0 0 
4.049166
 1 149 149 p_english_castle_23 Château_de_Harcourt 4219953 0 0 3 0 0 0 0 0 0.340000 92.120000 0.340000 92.120000 0.340000 92.120000 0.0 0 
0.785399
 1 150 150 p_english_castle_24 Château_d'Arques-la-Bataille 4219956 0 0 3 0 0 0 0 0 16.020000 122.060000 16.020000 122.060000 16.020000 122.060000 0.0 0 
0.785399
 1 151 151 p_english_castle_25 Château_de_Saint-Jean 4219955 0 0 3 0 0 0 0 0 -2.610000 55.460000 -2.610000 55.460000 -2.610000 55.460000 0.0 0 
0.785399
 1 152 152 p_english_castle_26 Château_de_Blanquefort 4219955 0 0 3 0 0 0 0 0 -47.770000 -87.440000 -47.770000 -87.440000 -47.770000 -87.440000 0.0 0 
0.785399
 1 153 153 p_burgundian_castle_1 Château_d'Étaples 4219946 0 0 3 0 0 0 0 0 28.810000 148.330000 28.810000 148.330000 28.810000 148.330000 0.0 0 
6.161015
 1 154 154 p_burgundian_castle_2 Château_de_Chastellux 4219952 0 0 3 0 0 0 0 0 97.600000 12.850000 97.600000 12.850000 97.600000 12.850000 0.0 0 
0.174533
 1 155 155 p_burgundian_castle_3 Château_de_Varenne-lès-Mâcon 4219952 0 0 3 0 0 0 0 0 122.630000 -32.390000 122.630000 -32.390000 122.630000 -32.390000 0.0 0 
2.356196
 1 156 156 p_burgundian_castle_4 Château_de_Toulongeon 4219948 0 0 3 0 0 0 0 0 100.340000 -21.950000 100.340000 -21.950000 100.340000 -21.950000 0.0 0 
1.989676
 1 157 157 p_burgundian_castle_5 Château_de_Ligny-en-Barrois 4219953 0 0 3 0 0 0 0 0 127.850000 75.160000 127.850000 75.160000 127.850000 75.160000 0.0 0 
5.969029
 1 158 158 p_burgundian_castle_6 Château_de_Jonvelle 4219948 0 0 3 0 0 0 0 0 143.440000 40.280000 143.440000 40.280000 143.440000 40.280000 0.0 0 
3.787366
 1 159 159 p_burgundian_castle_7 Forteresse_de_Noyelles 4219950 0 0 3 0 0 0 0 0 59.980000 138.330000 59.980000 138.330000 59.980000 138.330000 0.0 0 
0.785399
 1 160 160 p_burgundian_castle_8 Château_de_Montfort 4219948 0 0 3 0 0 0 0 0 110.330000 27.440000 110.330000 27.440000 110.330000 27.440000 0.0 0 
1.413717
 1 161 161 p_burgundian_castle_9 Forteresse_de_La_Rochepot 4219953 0 0 3 0 0 0 0 0 112.640000 -12.090000 112.640000 -12.090000 112.640000 -12.090000 0.0 0 
1.169371
 1 162 162 p_burgundian_castle_10 Château_de_Vergy 4219952 0 0 3 0 0 0 0 0 121.260000 4.020000 121.260000 4.020000 121.260000 4.020000 0.0 0 
0.436333
 1 163 163 p_burgundian_castle_11 Château_de_Brimeu 4219953 0 0 3 0 0 0 0 0 37.310000 144.540000 37.310000 144.540000 37.310000 144.540000 0.0 0 
0.785399
 1 164 164 p_burgundian_castle_12 Château_de_Bellemotte 4219946 0 0 3 0 0 0 0 0 64.920000 148.590000 64.920000 148.590000 64.920000 148.590000 0.0 0 
4.677484
 1 165 165 p_burgundian_castle_13 Lille 4219948 0 0 3 0 0 0 0 0 67.260000 157.150000 67.260000 157.150000 67.260000 157.150000 0.0 0 
5.445430
 1 166 166 p_burgundian_castle_14 Château_de_La_Charité-sur-Loire 4219945 0 0 3 0 0 0 0 0 67.720000 5.330000 67.720000 5.330000 67.720000 5.330000 0.0 0 
2.426009
 1 167 167 p_burgundian_castle_15 Château_de_Coucy 4219954 0 0 3 0 0 0 0 0 73.530000 102.160000 73.530000 102.160000 73.530000 102.160000 0.0 0 
5.113817
 1 168 168 p_burgundian_castle_16 Château_de_Senlis 4219953 0 0 3 0 0 0 0 0 54.090000 89.170000 54.090000 89.170000 54.090000 89.170000 0.0 0 
5.846856
 1 169 169 p_burgundian_castle_17 Château_de_Montcornet 4219945 0 0 3 0 0 0 0 0 97.030000 113.010000 97.030000 113.010000 97.030000 113.010000 0.0 0 
5.567603
 1 170 170 p_burgundian_castle_18 Château_de_Chimay 4219946 0 0 3 0 0 0 0 0 101.780000 141.690000 101.780000 141.690000 101.780000 141.690000 0.0 0 
4.520405
 1 171 171 p_burgundian_castle_19 Château_de_Pierrefonds 4219950 0 0 3 0 0 0 0 0 64.520000 90.620000 64.520000 90.620000 64.520000 90.620000 0.0 0 
5.113817
 1 172 172 p_burgundian_castle_20 Château_de_Dourdan 4219953 0 0 3 0 0 0 0 0 38.480000 66.220000 38.480000 66.220000 38.480000 66.220000 0.0 0 
5.113817
 1 173 173 p_burgundian_castle_21 Château_d'Étampes 4219950 0 0 3 0 0 0 0 0 43.130000 56.700000 43.130000 56.700000 43.130000 56.700000 0.0 0 
5.113817
 1 174 174 p_burgundian_castle_22 Château_de_Brancion 4219948 0 0 3 0 0 0 0 0 125.890000 -9.840000 125.890000 -9.840000 125.890000 -9.840000 0.0 0 
5.113817
 1 175 175 p_breton_castle_1 Château_de_Fougères 4219951 0 0 3 0 0 0 0 0 -57.650000 59.290000 -57.650000 59.290000 -57.650000 59.290000 0.0 0 
5.358163
 1 176 176 p_breton_castle_2 Châteaubriant 4219944 0 0 3 0 0 0 0 0 -63.300000 33.660000 -63.300000 33.660000 -63.300000 33.660000 0.0 0 
3.612833
 1 177 177 p_breton_castle_3 Château_de_Dinan 4219947 0 0 3 0 0 0 0 0 -90.530000 58.220000 -90.530000 58.220000 -90.530000 58.220000 0.0 0 
0.872665
 1 178 178 p_breton_castle_4 Château_de_Clisson 4219951 0 0 3 0 0 0 0 0 -61.090000 7.170000 -61.090000 7.170000 -61.090000 7.170000 0.0 0 
3.403394
 1 179 179 p_breton_castle_5 Château_de_Josselin 4219951 0 0 3 0 0 0 0 0 -95.960000 43.510000 -95.960000 43.510000 -95.960000 43.510000 0.0 0 
1.884956
 1 180 180 p_breton_castle_6 Forteresse_de_Roch'Morvan 4219947 0 0 3 0 0 0 0 0 -133.530000 70.920000 -133.530000 70.920000 -133.530000 70.920000 0.0 0 
0.785399
 1 181 181 p_breton_castle_7 Château_de_Guéméné 4219944 0 0 3 0 0 0 0 0 -111.370000 52.680000 -111.370000 52.680000 -111.370000 52.680000 0.0 0 
5.480336
 1 182 182 p_breton_castle_8 Château_de_Rochefort 4219944 0 0 3 0 0 0 0 0 -78.510000 36.420000 -78.510000 36.420000 -78.510000 36.420000 0.0 0 
0.942478
 1 183 183 p_breton_castle_9 Château_de_Tonquédec 4219951 0 0 3 0 0 0 0 0 -118.960000 78.630000 -118.960000 78.630000 -118.960000 78.630000 0.0 0 
4.066619
 1 184 184 p_breton_castle_10 Château_de_Rosmadec 4219944 0 0 3 0 0 0 0 0 -147.110000 58.980000 -147.110000 58.980000 -147.110000 58.980000 0.0 0 
4.642578
 1 185 185 p_breton_castle_11 Château_de_Brest 4219951 0 0 3 0 0 0 0 0 -152.510000 68.680000 -152.510000 68.680000 -152.510000 68.680000 0.0 0 
1.902410
 1 186 186 p_breton_castle_12 Château_de_Trémazan 4219944 0 0 3 0 0 0 0 0 -158.440000 72.880000 -158.440000 72.880000 -158.440000 72.880000 0.0 0 
3.543020
 1 187 187 p_breton_castle_13 Château_de_Kermoysan 4219944 0 0 3 0 0 0 0 0 -109.530000 77.430000 -109.530000 77.430000 -109.530000 77.430000 0.0 0 
1.762783
 1 188 188 p_breton_castle_14 Château_de_Montmuran 4219951 0 0 3 0 0 0 0 0 -80.980000 55.450000 -80.980000 55.450000 -80.980000 55.450000 0.0 0 
0.226893
 1 189 189 p_breton_castle_15 Château_de_Penhoët 4219947 0 0 3 0 0 0 0 0 -121.590000 69.390000 -121.590000 69.390000 -121.590000 69.390000 0.0 0 
5.340710
 1 190 190 p_breton_castle_16 Château_de_Guildo 4219944 0 0 3 0 0 0 0 0 -83.960000 73.240000 -83.960000 73.240000 -83.960000 73.240000 0.0 0 
1.431171
 1 191 191 p_breton_castle_17 Château_de_Tronchâteau 4219947 0 0 3 0 0 0 0 0 -128.800000 45.990000 -128.800000 45.990000 -128.800000 45.990000 0.0 0 
3.438300
 1 192 192 p_breton_castle_18 Forteresse_de_Largoët 4219951 0 0 3 0 0 0 0 0 -102.310000 39.460000 -102.310000 39.460000 -102.310000 39.460000 0.0 0 
2.007130
 1 193 193 p_breton_castle_19 Château_de_Derval 4219951 0 0 3 0 0 0 0 0 -73.590000 31.300000 -73.590000 31.300000 -73.590000 31.300000 0.0 0 
0.785399
 1 194 194 p_breton_castle_20 Château_de_Suscinio 4219944 0 0 3 0 0 0 0 0 -96.750000 26.750000 -96.750000 26.750000 -96.750000 26.750000 0.0 0 
5.829402
 1 195 195 p_breton_castle_21 Château_de_Saint_Mesmin 4219951 0 0 3 0 0 0 0 0 -52.110000 -8.350000 -52.110000 -8.350000 -52.110000 -8.350000 0.0 0 
5.218537
 1 196 196 p_breton_castle_22 Château_de_Vitré 4219951 0 0 3 0 0 0 0 0 -58.760000 48.370000 -58.760000 48.370000 -58.760000 48.370000 0.0 0 
5.742136
 1 197 197 p_french_village_1 Saint-Aignan 2114582 0 0 3 0 0 0 0 0 24.890000 -4.360000 24.890000 -4.360000 24.890000 -4.360000 0.0 0 
4.258605
 1 198 198 p_french_village_2 Vierzon 2114582 0 0 3 0 0 0 0 0 40.530000 6.450000 40.530000 6.450000 40.530000 6.450000 0.0 0 
5.794496
 1 199 199 p_french_village_3 Ardon 2114582 0 0 3 0 0 0 0 0 37.160000 27.500000 37.160000 27.500000 37.160000 27.500000 0.0 0 
2.268929
 1 200 200 p_french_village_4 Blois 2114583 0 0 3 0 0 0 0 0 18.240000 24.040000 18.240000 24.040000 18.240000 24.040000 0.0 0 
3.769913
 1 201 201 p_french_village_5 Bueil 2114582 0 0 3 0 0 0 0 0 -4.340000 24.520000 -4.340000 24.520000 -4.340000 24.520000 0.0 0 
3.543020
 1 202 202 p_french_village_6 Chambray 2114582 0 0 3 0 0 0 0 0 3.460000 6.440000 3.460000 6.440000 3.460000 6.440000 0.0 0 
3.560473
 1 203 203 p_french_village_7 Chasseneuil 2114582 0 0 3 0 0 0 0 0 -15.910000 -12.830000 -15.910000 -12.830000 -15.910000 -12.830000 0.0 0 
0.209440
 1 204 204 p_french_village_8 Chauvigny 2114582 0 0 3 0 0 0 0 0 7.930000 -15.680000 7.930000 -15.680000 7.930000 -15.680000 0.0 0 
5.270897
 1 205 205 p_french_village_9 Puilboreau 2114582 0 0 3 0 0 0 0 0 -54.370000 -32.510000 -54.370000 -32.510000 -54.370000 -32.510000 0.0 0 
0.087267
 1 206 206 p_french_village_10 Angoulins 2114582 0 0 3 0 0 0 0 0 -57.330000 -37.590000 -57.330000 -37.590000 -57.330000 -37.590000 0.0 0 
5.044004
 1 207 207 p_french_village_11 Montpensier 2114582 0 0 3 0 0 0 0 0 74.530000 -48.080000 74.530000 -48.080000 74.530000 -48.080000 0.0 0 
5.585056
 1 208 208 p_french_village_12 Aubières 2114582 0 0 3 0 0 0 0 0 67.560000 -61.500000 67.560000 -61.500000 67.560000 -61.500000 0.0 0 
3.822273
 1 209 209 p_french_village_13 Chemilly 2114582 0 0 3 0 0 0 0 0 73.660000 -35.620000 73.660000 -35.620000 73.660000 -35.620000 0.0 0 
1.448624
 1 210 210 p_french_village_14 Montilly 2114582 0 0 3 0 0 0 0 0 71.410000 -23.740000 71.410000 -23.740000 71.410000 -23.740000 0.0 0 
1.745330
 1 211 211 p_french_village_15 Jussac 2114582 0 0 3 0 0 0 0 0 43.420000 -85.680000 43.420000 -85.680000 43.420000 -85.680000 0.0 0 
5.759589
 1 212 212 p_french_village_16 Carlat 2114582 0 0 3 0 0 0 0 0 45.180000 -101.570000 45.180000 -101.570000 45.180000 -101.570000 0.0 0 
3.839726
 1 213 213 p_french_village_17 Dardilly 2114582 0 0 3 0 0 0 0 0 116.650000 -55.130000 116.650000 -55.130000 116.650000 -55.130000 0.0 0 
0.628319
 1 214 214 p_french_village_18 Vienne 2114582 0 0 3 0 0 0 0 0 117.500000 -72.230000 117.500000 -72.230000 117.500000 -72.230000 0.0 0 
2.024583
 1 215 215 p_french_village_19 Vals 2114582 0 0 3 0 0 0 0 0 84.900000 -88.790000 84.900000 -88.790000 84.900000 -88.790000 0.0 0 
4.101526
 1 216 216 p_french_village_20 Ceyssac 2114582 0 0 3 0 0 0 0 0 80.520000 -85.060000 80.520000 -85.060000 80.520000 -85.060000 0.0 0 
2.583088
 1 217 217 p_french_village_21 Le_Montat 2114582 0 0 3 0 0 0 0 0 14.000000 -116.130000 14.000000 -116.130000 14.000000 -116.130000 0.0 0 
2.356196
 1 218 218 p_french_village_22 Vers 2114582 0 0 3 0 0 0 0 0 21.160000 -109.670000 21.160000 -109.670000 21.160000 -109.670000 0.0 0 
6.265735
 1 219 219 p_french_village_23 Sébazac 2114582 0 0 3 0 0 0 0 0 38.740000 -112.540000 38.740000 -112.540000 38.740000 -112.540000 0.0 0 
5.742136
 1 220 220 p_french_village_24 Castelnaudary 2114582 0 0 3 0 0 0 0 0 26.900000 -160.470000 26.900000 -160.470000 26.900000 -160.470000 0.0 0 
2.583088
 1 221 221 p_french_village_25 Gramont 2114582 0 0 3 0 0 0 0 0 -5.350000 -134.160000 -5.350000 -134.160000 -5.350000 -134.160000 0.0 0 
5.567603
 1 222 222 p_french_village_26 Agen 2114582 0 0 3 0 0 0 0 0 -9.650000 -121.260000 -9.650000 -121.260000 -9.650000 -121.260000 0.0 0 
2.268929
 1 223 223 p_french_village_27 Muret 2114582 0 0 3 0 0 0 0 0 5.270000 -152.430000 5.270000 -152.430000 5.270000 -152.430000 0.0 0 
2.146756
 1 224 224 p_french_village_28 Sauveterre 2114582 0 0 3 0 0 0 0 0 30.640000 -121.620000 30.640000 -121.620000 30.640000 -121.620000 0.0 0 
0.017453
 1 225 225 p_french_village_29 Castres 2114582 0 0 3 0 0 0 0 0 33.120000 -145.260000 33.120000 -145.260000 33.120000 -145.260000 0.0 0 
4.468045
 1 226 226 p_french_village_30 Limoux 2114582 0 0 3 0 0 0 0 0 29.880000 -172.030000 29.880000 -172.030000 29.880000 -172.030000 0.0 0 
5.375616
 1 227 227 p_french_village_31 Lattes 2114582 0 0 3 0 0 0 0 0 84.270000 -153.170000 84.270000 -153.170000 84.270000 -153.170000 0.0 0 
0.366519
 1 228 228 p_french_village_32 Agde 2114582 0 0 3 0 0 0 0 0 70.960000 -161.950000 70.960000 -161.950000 70.960000 -161.950000 0.0 0 
5.340710
 1 229 229 p_french_village_33 Chabeuil 2114582 0 0 3 0 0 0 0 0 120.440000 -99.600000 120.440000 -99.600000 120.440000 -99.600000 0.0 0 
0.209440
 1 230 230 p_french_village_34 Tiffauges 2114583 0 0 3 0 0 0 0 0 -51.010000 0.100000 -51.010000 0.100000 -51.010000 0.100000 0.0 0 
2.722715
 1 231 231 p_french_village_35 Missé 2114582 0 0 3 0 0 0 0 0 -38.550000 -1.230000 -38.550000 -1.230000 -38.550000 -1.230000 0.0 0 
3.595380
 1 232 232 p_french_village_36 Oiron 2114582 0 0 3 0 0 0 0 0 -29.160000 -4.430000 -29.160000 -4.430000 -29.160000 -4.430000 0.0 0 
5.026550
 1 233 233 p_french_village_37 Fourcroix 2114582 0 0 3 0 0 0 0 0 79.530000 152.320000 79.530000 152.320000 79.530000 152.320000 0.0 0 
3.857179
 1 234 234 p_french_village_38 Bizencourt 2114582 0 0 3 0 0 0 0 0 87.970000 141.110000 87.970000 141.110000 87.970000 141.110000 0.0 0 
1.902410
 1 235 235 p_french_village_39 Amilly 2114582 0 0 3 0 0 0 0 0 66.550000 38.080000 66.550000 38.080000 66.550000 38.080000 0.0 0 
1.256638
 1 236 236 p_french_village_40 Mormant 2114582 0 0 3 0 0 0 0 0 59.990000 34.990000 59.990000 34.990000 59.990000 34.990000 0.0 0 
0.331613
 1 237 237 p_french_village_41 La_Bussière 2114582 0 0 3 0 0 0 0 0 61.160000 29.260000 61.160000 29.260000 61.160000 29.260000 0.0 0 
2.338742
 1 238 238 p_french_village_42 Saint-Brisson-sur-Loire 2114582 0 0 3 0 0 0 0 0 57.700000 18.180000 57.700000 18.180000 57.700000 18.180000 0.0 0 
4.049166
 1 239 239 p_french_village_43 Le_Breuil 2114582 0 0 3 0 0 0 0 0 90.160000 -41.950000 90.160000 -41.950000 90.160000 -41.950000 0.0 0 
2.356196
 1 240 240 p_french_village_44 Odos 2114582 0 0 3 0 0 0 0 0 -29.720000 -163.770000 -29.720000 -163.770000 -29.720000 -163.770000 0.0 0 
1.605704
 1 241 241 p_french_village_45 Saint-Symphorien 2114583 0 0 3 0 0 0 0 0 0.730000 20.340000 0.730000 20.340000 0.730000 20.340000 0.0 0 
5.113817
 1 242 242 p_french_village_46 Issoudun 2114582 0 0 3 0 0 0 0 0 30.290000 -13.280000 30.290000 -13.280000 30.290000 -13.280000 0.0 0 
4.066619
 1 243 243 p_french_village_47 Fontenay 2114582 0 0 3 0 0 0 0 0 -44.840000 -27.830000 -44.840000 -27.830000 -44.840000 -27.830000 0.0 0 
3.490660
 1 244 244 p_french_village_48 Condom 2114582 0 0 3 0 0 0 0 0 -21.670000 -132.030000 -21.670000 -132.030000 -21.670000 -132.030000 0.0 0 
0.802852
 1 245 245 p_french_village_49 Blanzac 2114582 0 0 3 0 0 0 0 0 84.570000 -74.520000 84.570000 -74.520000 84.570000 -74.520000 0.0 0 
6.283188
 1 246 246 p_french_village_50 Chélieu 2114582 0 0 3 0 0 0 0 0 132.910000 -64.240000 132.910000 -64.240000 132.910000 -64.240000 0.0 0 
0.174533
 1 247 247 p_french_village_51 La_Crête 2114582 0 0 3 0 0 0 0 0 48.740000 -26.970000 48.740000 -26.970000 48.740000 -26.970000 0.0 0 
1.745330
 1 248 248 p_french_village_52 Pontlevoy 2114582 0 0 3 0 0 0 0 0 22.560000 12.160000 22.560000 12.160000 22.560000 12.160000 0.0 0 
4.450592
 1 249 249 p_french_village_53 Boussac 2114582 0 0 3 0 0 0 0 0 35.030000 -27.420000 35.030000 -27.420000 35.030000 -27.420000 0.0 0 
1.745330
 1 250 250 p_french_village_54 Yèvre 2114582 0 0 3 0 0 0 0 0 41.100000 44.500000 41.100000 44.500000 41.100000 44.500000 0.0 0 
0.174533
 1 251 251 p_french_village_55 Aix 2114582 0 0 3 0 0 0 0 0 73.220000 -71.300000 73.220000 -71.300000 73.220000 -71.300000 0.0 0 
3.857179
 1 252 252 p_french_village_56 Tauves 2114583 0 0 3 0 0 0 0 0 48.780000 -74.490000 48.780000 -74.490000 48.780000 -74.490000 0.0 0 
0.558506
 1 253 253 p_french_village_57 Jalognes 2114582 0 0 3 0 0 0 0 0 61.890000 2.960000 61.890000 2.960000 61.890000 2.960000 0.0 0 
1.954770
 1 254 254 p_french_village_58 Tursan 2114582 0 0 3 0 0 0 0 0 -34.950000 -143.510000 -34.950000 -143.510000 -34.950000 -143.510000 0.0 0 
4.101526
 1 255 255 p_french_village_59 Pavie 2114582 0 0 3 0 0 0 0 0 -11.270000 -150.390000 -11.270000 -150.390000 -11.270000 -150.390000 0.0 0 
3.700100
 1 256 256 p_french_village_60 Le_Val-Saint-Père 2114583 0 0 3 0 0 0 0 0 -60.390000 69.050000 -60.390000 69.050000 -60.390000 69.050000 0.0 0 
5.672323
 1 257 257 p_french_village_61 Vellèches 2114582 0 0 3 0 0 0 0 0 -16.280000 -4.600000 -16.280000 -4.600000 -16.280000 -4.600000 0.0 0 
3.909539
 1 258 258 p_french_village_62 Montmorillon 2114583 0 0 3 0 0 0 0 0 0.570000 -31.480000 0.570000 -31.480000 0.570000 -31.480000 0.0 0 
0.401426
 1 259 259 p_french_village_63 Sévérac 2114582 0 0 3 0 0 0 0 0 46.750000 -117.990000 46.750000 -117.990000 46.750000 -117.990000 0.0 0 
4.241152
 1 260 260 p_french_village_64 Xaintrailles 2114582 0 0 3 0 0 0 0 0 -27.440000 -115.640000 -27.440000 -115.640000 -27.440000 -115.640000 0.0 0 
1.396264
 1 261 261 p_french_village_65 Orval 2114582 0 0 3 0 0 0 0 0 52.070000 -20.680000 52.070000 -20.680000 52.070000 -20.680000 0.0 0 
4.694938
 1 262 262 p_french_village_66 Barbazan 2114582 0 0 3 0 0 0 0 0 -15.190000 -170.740000 -15.190000 -170.740000 -15.190000 -170.740000 0.0 0 
4.066619
 1 263 263 p_french_village_67 Le_Lion-d'Angers 2114583 0 0 3 0 0 0 0 0 -46.020000 26.620000 -46.020000 26.620000 -46.020000 26.620000 0.0 0 
0.069813
 1 264 264 p_french_village_68 Alès 2114582 0 0 3 0 0 0 0 0 92.710000 -126.630000 92.710000 -126.630000 92.710000 -126.630000 0.0 0 
3.804819
 1 265 265 p_french_village_69 Brassac 2114582 0 0 3 0 0 0 0 0 11.590000 -174.980000 11.590000 -174.980000 11.590000 -174.980000 0.0 0 
2.007130
 1 266 266 p_french_village_70 Vernajoul 2114582 0 0 3 0 0 0 0 0 13.850000 -169.670000 13.850000 -169.670000 13.850000 -169.670000 0.0 0 
5.934122
 1 267 267 p_french_village_71 Aujac 2114582 0 0 3 0 0 0 0 0 103.510000 -100.290000 103.510000 -100.290000 103.510000 -100.290000 0.0 0 
1.274091
 1 268 268 p_french_village_72 Le_Pailloux 2114583 0 0 3 0 0 0 0 0 46.000000 -64.440000 46.000000 -64.440000 46.000000 -64.440000 0.0 0 
3.560473
 1 269 269 p_french_village_73 Murol 2114583 0 0 3 0 0 0 0 0 54.110000 -71.970000 54.110000 -71.970000 54.110000 -71.970000 0.0 0 
3.159047
 1 270 270 p_french_village_74 Brissac 2114583 0 0 3 0 0 0 0 0 -30.800000 12.460000 -30.800000 12.460000 -30.800000 12.460000 0.0 0 
2.583088
 1 271 271 p_french_village_75 Lembras 2114582 0 0 3 0 0 0 0 0 -2.130000 -90.540000 -2.130000 -90.540000 -2.130000 -90.540000 0.0 0 
3.071781
 1 272 272 p_french_village_76 Amboise 2114582 0 0 3 0 0 0 0 0 11.900000 15.310000 11.900000 15.310000 11.900000 15.310000 0.0 0 
3.071781
 1 273 273 p_french_village_77 Le_Lude 2114583 0 0 3 0 0 0 0 0 -17.220000 21.920000 -17.220000 21.920000 -17.220000 21.920000 0.0 0 
0.820305
 1 274 274 p_french_village_78 Lusignan 2114582 0 0 3 0 0 0 0 0 -23.840000 -29.190000 -23.840000 -29.190000 -23.840000 -29.190000 0.0 0 
0.820305
 1 275 275 p_french_village_79 Sully-sur-Loire 2114582 0 0 3 0 0 0 0 0 48.180000 26.380000 48.180000 26.380000 48.180000 26.380000 0.0 0 
0.820305
 1 276 276 p_french_village_80 Uzès 2114582 0 0 3 0 0 0 0 0 101.800000 -131.100000 101.800000 -131.100000 101.800000 -131.100000 0.0 0 
3.804819
 1 277 277 p_french_village_81 Najac 2114582 0 0 3 0 0 0 0 0 24.000000 -121.000000 24.000000 -121.000000 24.000000 -121.000000 0.0 0 
3.804819
 1 278 278 p_french_village_82 La_Ferté 2114582 0 0 3 0 0 0 0 0 39.680000 18.990000 39.680000 18.990000 39.680000 18.990000 0.0 0 
3.804819
 1 279 279 p_english_village_1 Monbazillac 2114582 0 0 3 0 0 0 0 0 -5.940000 -99.210000 -5.940000 -99.210000 -5.940000 -99.210000 0.0 0 
0.628319
 1 280 280 p_english_village_2 Chammes 2114583 0 0 3 0 0 0 0 0 -28.440000 48.940000 -28.440000 48.940000 -28.440000 48.940000 0.0 0 
5.619963
 1 281 281 p_english_village_3 Châlus 2114582 0 0 3 0 0 0 0 0 0.530000 -64.460000 0.530000 -64.460000 0.530000 -64.460000 0.0 0 
1.099558
 1 282 282 p_english_village_4 Trélissac 2114582 0 0 3 0 0 0 0 0 -1.890000 -78.480000 -1.890000 -78.480000 -1.890000 -78.480000 0.0 0 
5.061457
 1 283 283 p_english_village_5 Champniers 2114582 0 0 3 0 0 0 0 0 -20.470000 -53.840000 -20.470000 -53.840000 -20.470000 -53.840000 0.0 0 
5.497790
 1 284 284 p_english_village_6 La_Couronne 2114582 0 0 3 0 0 0 0 0 -26.540000 -62.110000 -26.540000 -62.110000 -26.540000 -62.110000 0.0 0 
2.181663
 1 285 285 p_english_village_7 Rochechouart 2114582 0 0 3 0 0 0 0 0 1.810000 -52.990000 1.810000 -52.990000 1.810000 -52.990000 0.0 0 
2.076943
 1 286 286 p_english_village_8 Couzeix 2114582 0 0 3 0 0 0 0 0 6.010000 -48.230000 6.010000 -48.230000 6.010000 -48.230000 0.0 0 
5.846856
 1 287 287 p_english_village_9 Mérignac 2114582 0 0 3 0 0 0 0 0 -51.880000 -91.400000 -51.880000 -91.400000 -51.880000 -91.400000 0.0 0 
1.047198
 1 288 288 p_english_village_10 La_Teste 2114582 0 0 3 0 0 0 0 0 -61.160000 -104.210000 -61.160000 -104.210000 -61.160000 -104.210000 0.0 0 
2.356196
 1 289 289 p_english_village_11 Vignoles 2114582 0 0 3 0 0 0 0 0 -49.120000 -122.100000 -49.120000 -122.100000 -49.120000 -122.100000 0.0 0 
0.383973
 1 290 290 p_english_village_12 Blaye 2114582 0 0 3 0 0 0 0 0 -46.240000 -79.790000 -46.240000 -79.790000 -46.240000 -79.790000 0.0 0 
5.148724
 1 291 291 p_english_village_13 Capbreton 2114582 0 0 3 0 0 0 0 0 -71.140000 -138.590000 -71.140000 -138.590000 -71.140000 -138.590000 0.0 0 
4.415685
 1 292 292 p_english_village_14 Biarritz 2114582 0 0 3 0 0 0 0 0 -77.100000 -147.620000 -77.100000 -147.620000 -77.100000 -147.620000 0.0 0 
1.989676
 1 293 293 p_english_village_15 Peyrehorade 2114582 0 0 3 0 0 0 0 0 -61.450000 -143.180000 -61.450000 -143.180000 -61.450000 -143.180000 0.0 0 
2.164209
 1 294 294 p_english_village_16 Castets 2114582 0 0 3 0 0 0 0 0 -60.960000 -124.790000 -60.960000 -124.790000 -60.960000 -124.790000 0.0 0 
0.471239
 1 295 295 p_english_village_17 Entrammes 2114583 0 0 3 0 0 0 0 0 -41.380000 42.120000 -41.380000 42.120000 -41.380000 42.120000 0.0 0 
5.724682
 1 296 296 p_english_village_18 Argentré 2114583 0 0 3 0 0 0 0 0 -35.420000 49.190000 -35.420000 49.190000 -35.420000 49.190000 0.0 0 
2.914701
 1 297 297 p_english_village_19 Allonnes 2114582 0 0 3 0 0 0 0 0 -20.380000 36.070000 -20.380000 36.070000 -20.380000 36.070000 0.0 0 
5.218537
 1 298 298 p_english_village_20 Mulsannes 2114582 0 0 3 0 0 0 0 0 -14.650000 35.140000 -14.650000 35.140000 -14.650000 35.140000 0.0 0 
0.506146
 1 299 299 p_english_village_21 Mont-de-Marsan 2114583 0 0 3 0 0 0 0 0 -38.150000 -128.220000 -38.150000 -128.220000 -38.150000 -128.220000 0.0 0 
4.677484
 1 300 300 p_english_village_22 Châteauneuf-sur-Sarthe 2114583 0 0 3 0 0 0 0 0 -22.110000 28.090000 -22.110000 28.090000 -22.110000 28.090000 0.0 0 
4.014259
 1 301 301 p_english_village_23 Chailly 2114582 0 0 3 0 0 0 0 0 47.320000 65.290000 47.320000 65.290000 47.320000 65.290000 0.0 0 
6.143562
 1 302 302 p_english_village_24 Melun 2114582 0 0 3 0 0 0 0 0 53.770000 65.950000 53.770000 65.950000 53.770000 65.950000 0.0 0 
5.358163
 1 303 303 p_english_village_25 Bonneval 2114582 0 0 3 0 0 0 0 0 20.980000 53.790000 20.980000 53.790000 20.980000 53.790000 0.0 0 
2.181663
 1 304 304 p_english_village_26 Béville-le-Comte 2114582 0 0 3 0 0 0 0 0 28.210000 60.550000 28.210000 60.550000 28.210000 60.550000 0.0 0 
3.700100
 1 305 305 p_english_village_27 Barentin 2114582 0 0 3 0 0 0 0 0 4.680000 108.600000 4.680000 108.600000 4.680000 108.600000 0.0 0 
3.525567
 1 306 306 p_english_village_28 Quevilly 2114582 0 0 3 0 0 0 0 0 6.970000 100.270000 6.970000 100.270000 6.970000 100.270000 0.0 0 
0.541052
 1 307 307 p_english_village_29 Rots 2114583 0 0 3 0 0 0 0 0 -34.480000 99.020000 -34.480000 99.020000 -34.480000 99.020000 0.0 0 
1.588250
 1 308 308 p_english_village_30 Ifs 2114583 0 0 3 0 0 0 0 0 -27.410000 90.390000 -27.410000 90.390000 -27.410000 90.390000 0.0 0 
3.246314
 1 309 309 p_english_village_31 Honfleur 2114583 0 0 3 0 0 0 0 0 -10.590000 102.130000 -10.590000 102.130000 -10.590000 102.130000 0.0 0 
2.879795
 1 310 310 p_english_village_32 Étretat 2114583 0 0 3 0 0 0 0 0 -12.360000 114.350000 -12.360000 114.350000 -12.360000 114.350000 0.0 0 
3.961899
 1 311 311 p_english_village_33 Barfleur 2114583 0 0 3 0 0 0 0 0 -57.270000 116.060000 -57.270000 116.060000 -57.270000 116.060000 0.0 0 
1.396264
 1 312 312 p_english_village_34 Valognes 2114583 0 0 3 0 0 0 0 0 -60.200000 109.320000 -60.200000 109.320000 -60.200000 109.320000 0.0 0 
5.393070
 1 313 313 p_english_village_35 Fréthun 2114582 0 0 3 0 0 0 0 0 33.170000 163.910000 33.170000 163.910000 33.170000 163.910000 0.0 0 
1.902410
 1 314 314 p_english_village_36 Marck 2114582 0 0 3 0 0 0 0 0 44.130000 166.790000 44.130000 166.790000 44.130000 166.790000 0.0 0 
4.625125
 1 315 315 p_english_village_37 Saint-Denis 2114582 0 0 3 0 0 0 0 0 47.750000 81.540000 47.750000 81.540000 47.750000 81.540000 0.0 0 
1.466077
 1 316 316 p_english_village_38 Saint-Marcel 2114582 0 0 3 0 0 0 0 0 46.560000 73.350000 46.560000 73.350000 46.560000 73.350000 0.0 0 
4.991644
 1 317 317 p_english_village_39 Beaumont-sur-Sarthe 2114582 0 0 3 0 0 0 0 0 -13.940000 53.810000 -13.940000 53.810000 -13.940000 53.810000 0.0 0 
6.003935
 1 318 318 p_english_village_40 Valframbert 2114582 0 0 3 0 0 0 0 0 -15.920000 67.540000 -15.920000 67.540000 -15.920000 67.540000 0.0 0 
3.036874
 1 319 319 p_english_village_41 Nonant 2114583 0 0 3 0 0 0 0 0 -39.900000 96.540000 -39.900000 96.540000 -39.900000 96.540000 0.0 0 
4.171339
 1 320 320 p_english_village_42 Balleroy 2114582 0 0 3 0 0 0 0 0 -48.750000 97.050000 -48.750000 97.050000 -48.750000 97.050000 0.0 0 
2.286382
 1 321 321 p_english_village_43 Bailleul 2114582 0 0 3 0 0 0 0 0 -17.470000 80.320000 -17.470000 80.320000 -17.470000 80.320000 0.0 0 
3.071781
 1 322 322 p_english_village_44 Ecouché 2114582 0 0 3 0 0 0 0 0 -26.800000 73.050000 -26.800000 73.050000 -26.800000 73.050000 0.0 0 
1.815143
 1 323 323 p_english_village_45 Brive 2114582 0 0 3 0 0 0 0 0 16.790000 -85.240000 16.790000 -85.240000 16.790000 -85.240000 0.0 0 
3.577927
 1 324 324 p_english_village_46 Ruch 2114582 0 0 3 0 0 0 0 0 -17.870000 -99.190000 -17.870000 -99.190000 -17.870000 -99.190000 0.0 0 
5.934122
 1 325 325 p_english_village_47 Mussidan 2114582 0 0 3 0 0 0 0 0 -19.000000 -83.110000 -19.000000 -83.110000 -19.000000 -83.110000 0.0 0 
0.558506
 1 326 326 p_english_village_48 Beauvais 2114583 0 0 3 0 0 0 0 0 38.930000 106.790000 38.930000 106.790000 38.930000 106.790000 0.0 0 
5.881762
 1 327 327 p_english_village_49 Barbaste 2114582 0 0 3 0 0 0 0 0 -27.060000 -118.740000 -27.060000 -118.740000 -27.060000 -118.740000 0.0 0 
0.610866
 1 328 328 p_english_village_50 Corny 2114582 0 0 3 0 0 0 0 0 21.730000 100.980000 21.730000 100.980000 21.730000 100.980000 0.0 0 
3.769913
 1 329 329 p_english_village_51 Falaise 2114583 0 0 3 0 0 0 0 0 -31.760000 85.960000 -31.760000 85.960000 -31.760000 85.960000 0.0 0 
3.525567
 1 330 330 p_english_village_52 Bazas 2114582 0 0 3 0 0 0 0 0 -36.430000 -109.410000 -36.430000 -109.410000 -36.430000 -109.410000 0.0 0 
2.548182
 1 331 331 p_english_village_53 Saint-Antoine 2114582 0 0 3 0 0 0 0 0 49.300000 78.630000 49.300000 78.630000 49.300000 78.630000 0.0 0 
0.401426
 1 332 332 p_english_village_54 Vendôme 2114582 0 0 3 0 0 0 0 0 15.420000 38.620000 15.420000 38.620000 15.420000 38.620000 0.0 0 
2.932154
 1 333 333 p_english_village_55 Beauvau 2114583 0 0 3 0 0 0 0 0 -30.730000 21.490000 -30.730000 21.490000 -30.730000 21.490000 0.0 0 
0.157080
 1 334 334 p_english_village_56 Langoiran 2114582 0 0 3 0 0 0 0 0 -25.540000 -106.160000 -25.540000 -106.160000 -25.540000 -106.160000 0.0 0 
0.401426
 1 335 335 p_english_village_57 Mortain 2114583 0 0 3 0 0 0 0 0 -48.090000 67.550000 -48.090000 67.550000 -48.090000 67.550000 0.0 0 
2.617995
 1 336 336 p_english_village_58 Lessay 2114583 0 0 3 0 0 0 0 0 -62.280000 99.840000 -62.280000 99.840000 -62.280000 99.840000 0.0 0 
1.308998
 1 337 337 p_english_village_59 Orval 2114583 0 0 3 0 0 0 0 0 -58.580000 85.970000 -58.580000 85.970000 -58.580000 85.970000 0.0 0 
3.996806
 1 338 338 p_english_village_60 Hambye 2114583 0 0 3 0 0 0 0 0 -59.490000 80.980000 -59.490000 80.980000 -59.490000 80.980000 0.0 0 
3.071781
 1 339 339 p_english_village_61 Vire 2114583 0 0 3 0 0 0 0 0 -46.090000 80.040000 -46.090000 80.040000 -46.090000 80.040000 0.0 0 
5.986482
 1 340 340 p_english_village_62 Sartilly 2114583 0 0 3 0 0 0 0 0 -57.550000 78.390000 -57.550000 78.390000 -57.550000 78.390000 0.0 0 
0.855212
 1 341 341 p_english_village_63 Verneuil 2114582 0 0 3 0 0 0 0 0 11.620000 76.690000 11.620000 76.690000 11.620000 76.690000 0.0 0 
2.949608
 1 342 342 p_english_village_64 L'Aigle 2114582 0 0 3 0 0 0 0 0 2.030000 77.420000 2.030000 77.420000 2.030000 77.420000 0.0 0 
4.677484
 1 343 343 p_english_village_65 Dieppe 2114582 0 0 3 0 0 0 0 0 13.590000 123.770000 13.590000 123.770000 13.590000 123.770000 0.0 0 
3.455753
 1 344 344 p_english_village_66 Blangy 2114582 0 0 3 0 0 0 0 0 28.000000 129.090000 28.000000 129.090000 28.000000 129.090000 0.0 0 
1.745330
 1 345 345 p_english_village_67 Pons 2114582 0 0 3 0 0 0 0 0 -37.930000 -62.840000 -37.930000 -62.840000 -37.930000 -62.840000 0.0 0 
0.471239
 1 346 346 p_english_village_68 Condé 2114583 0 0 3 0 0 0 0 0 -53.600000 89.650000 -53.600000 89.650000 -53.600000 89.650000 0.0 0 
2.216569
 1 347 347 p_english_village_69 Fronsac 2114582 0 0 3 0 0 0 0 0 -37.060000 -85.080000 -37.060000 -85.080000 -37.060000 -85.080000 0.0 0 
1.378811
 1 348 348 p_english_village_70 Pomerol 2114582 0 0 3 0 0 0 0 0 -30.510000 -86.400000 -30.510000 -86.400000 -30.510000 -86.400000 0.0 0 
4.677484
 1 349 349 p_english_village_71 Beychac 2114582 0 0 3 0 0 0 0 0 -37.830000 -93.140000 -37.830000 -93.140000 -37.830000 -93.140000 0.0 0 
3.263767
 1 350 350 p_english_village_72 Ambarès 2114582 0 0 3 0 0 0 0 0 -42.750000 -88.090000 -42.750000 -88.090000 -42.750000 -88.090000 0.0 0 
5.393070
 1 351 351 p_english_village_73 Domme 2114582 0 0 3 0 0 0 0 0 15.630000 -97.510000 15.630000 -97.510000 15.630000 -97.510000 0.0 0 
1.745330
 1 352 352 p_english_village_74 Vincennes 2114582 0 0 3 0 0 0 0 0 52.700000 78.960000 52.700000 78.960000 52.700000 78.960000 0.0 0 
1.745330
 1 353 353 p_english_village_75 Pont-Audemer 2114582 0 0 3 0 0 0 0 0 -5.300000 97.180000 -5.300000 97.180000 -5.300000 97.180000 0.0 0 
0.802852
 1 354 354 p_english_village_76 Saint_Hélène_d'Estang 2114582 0 0 3 0 0 0 0 0 -56.710000 -81.960000 -56.710000 -81.960000 -56.710000 -81.960000 0.0 0 
4.694938
 1 355 355 p_english_village_77 Nogent-le-Rotrou 2114583 0 0 3 0 0 0 0 0 0.160000 55.010000 0.160000 55.010000 0.160000 55.010000 0.0 0 
4.694938
 1 356 356 p_english_village_78 Saint-Germain 2114582 0 0 3 0 0 0 0 0 42.830000 77.300000 42.830000 77.300000 42.830000 77.300000 0.0 0 
6.230828
 1 357 357 p_english_village_79 Arès 2114582 0 0 3 0 0 0 0 0 -61.840000 -94.350000 -61.840000 -94.350000 -61.840000 -94.350000 0.0 0 
6.230828
 1 358 358 p_burgundian_village_1 Besançon 2114582 0 0 3 0 0 0 0 0 156.250000 -0.210000 156.250000 -0.210000 156.250000 -0.210000 0.0 0 
0.034907
 1 359 359 p_burgundian_village_2 Cravant 2114582 0 0 3 0 0 0 0 0 88.650000 24.150000 88.650000 24.150000 88.650000 24.150000 0.0 0 
4.904377
 1 360 360 p_burgundian_village_3 Charbuy 2114582 0 0 3 0 0 0 0 0 76.900000 32.230000 76.900000 32.230000 76.900000 32.230000 0.0 0 
6.230828
 1 361 361 p_burgundian_village_4 Macey 2114582 0 0 3 0 0 0 0 0 89.120000 54.560000 89.120000 54.560000 89.120000 54.560000 0.0 0 
0.314159
 1 362 362 p_burgundian_village_5 Chaumont 2114582 0 0 3 0 0 0 0 0 128.350000 47.050000 128.350000 47.050000 128.350000 47.050000 0.0 0 
4.066619
 1 363 363 p_burgundian_village_6 Rougemont 2114582 0 0 3 0 0 0 0 0 155.510000 9.610000 155.510000 9.610000 155.510000 9.610000 0.0 0 
0.488692
 1 364 364 p_burgundian_village_7 Gray 2114582 0 0 3 0 0 0 0 0 136.160000 21.000000 136.160000 21.000000 136.160000 21.000000 0.0 0 
3.926993
 1 365 365 p_burgundian_village_8 Balleray 2114583 0 0 3 0 0 0 0 0 77.000000 0.170000 77.000000 0.170000 77.000000 0.170000 0.0 0 
5.916669
 1 366 366 p_burgundian_village_9 Imphy 2114582 0 0 3 0 0 0 0 0 80.880000 -14.110000 80.880000 -14.110000 80.880000 -14.110000 0.0 0 
3.001968
 1 367 367 p_burgundian_village_10 Uytkerke_ 2114582 0 0 3 0 0 0 0 0 74.380000 186.110000 74.380000 186.110000 74.380000 186.110000 0.0 0 
5.078910
 1 368 368 p_burgundian_village_11 Ypres 2114582 0 0 3 0 0 0 0 0 65.880000 165.980000 65.880000 165.980000 65.880000 165.980000 0.0 0 
1.954770
 1 369 369 p_burgundian_village_12 Audenarde 2114582 0 0 3 0 0 0 0 0 83.040000 161.340000 83.040000 161.340000 83.040000 161.340000 0.0 0 
2.897248
 1 370 370 p_burgundian_village_13 Nevele 2114582 0 0 3 0 0 0 0 0 78.670000 170.970000 78.670000 170.970000 78.670000 170.970000 0.0 0 
4.974191
 1 371 371 p_burgundian_village_14 Verbrande 2114582 0 0 3 0 0 0 0 0 107.900000 168.720000 107.900000 168.720000 107.900000 168.720000 0.0 0 
2.740168
 1 372 372 p_burgundian_village_15 Tisselt 2114582 0 0 3 0 0 0 0 0 103.870000 174.430000 103.870000 174.430000 103.870000 174.430000 0.0 0 
5.375616
 1 373 373 p_burgundian_village_16 Thourotte 2114582 0 0 3 0 0 0 0 0 59.900000 106.040000 59.900000 106.040000 59.900000 106.040000 0.0 0 
1.291544
 1 374 374 p_burgundian_village_17 Jaux 2114582 0 0 3 0 0 0 0 0 51.830000 98.670000 51.830000 98.670000 51.830000 98.670000 0.0 0 
5.445430
 1 375 375 p_burgundian_village_18 Sarry 2114582 0 0 3 0 0 0 0 0 108.320000 79.300000 108.320000 79.300000 108.320000 79.300000 0.0 0 
5.305803
 1 376 376 p_burgundian_village_19 Vertus 2114582 0 0 3 0 0 0 0 0 97.400000 80.830000 97.400000 80.830000 97.400000 80.830000 0.0 0 
2.094396
 1 377 377 p_burgundian_village_20 Rethel 2114582 0 0 3 0 0 0 0 0 101.970000 100.550000 101.970000 100.550000 101.970000 100.550000 0.0 0 
5.462883
 1 378 378 p_burgundian_village_21 Epernay 2114582 0 0 3 0 0 0 0 0 93.660000 87.920000 93.660000 87.920000 93.660000 87.920000 0.0 0 
2.164209
 1 379 379 p_burgundian_village_22 Azincourt 2114582 0 0 3 0 0 0 0 0 46.060000 150.580000 46.060000 150.580000 46.060000 150.580000 0.0 0 
2.373649
 1 380 380 p_burgundian_village_23 Wimeureux 2114582 0 0 3 0 0 0 0 0 26.690000 157.910000 26.690000 157.910000 26.690000 157.910000 0.0 0 
5.550149
 1 381 381 p_burgundian_village_24 Ligny 2114582 0 0 3 0 0 0 0 0 46.670000 136.740000 46.670000 136.740000 46.670000 136.740000 0.0 0 
5.270897
 1 382 382 p_burgundian_village_25 Picquigny 2114582 0 0 3 0 0 0 0 0 39.030000 126.260000 39.030000 126.260000 39.030000 126.260000 0.0 0 
3.577927
 1 383 383 p_burgundian_village_26 Allaines 2114582 0 0 3 0 0 0 0 0 65.440000 134.450000 65.440000 134.450000 65.440000 134.450000 0.0 0 
2.443462
 1 384 384 p_burgundian_village_27 Biaches 2114582 0 0 3 0 0 0 0 0 61.420000 123.930000 61.420000 123.930000 61.420000 123.930000 0.0 0 
5.270897
 1 385 385 p_burgundian_village_28 Ancy-le-Franc 2114582 0 0 3 0 0 0 0 0 109.480000 32.670000 109.480000 32.670000 109.480000 32.670000 0.0 0 
5.567603
 1 386 386 p_burgundian_village_29 Avallon 2114582 0 0 3 0 0 0 0 0 93.410000 16.490000 93.410000 16.490000 93.410000 16.490000 0.0 0 
4.677484
 1 387 387 p_burgundian_village_30 Macôn 2114582 0 0 3 0 0 0 0 0 123.450000 -26.190000 123.450000 -26.190000 123.450000 -26.190000 0.0 0 
5.480336
 1 388 388 p_burgundian_village_31 Toulongeon 2114582 0 0 3 0 0 0 0 0 99.690000 -19.820000 99.690000 -19.820000 99.690000 -19.820000 0.0 0 
5.934122
 1 389 389 p_burgundian_village_32 Domrémy 2114582 0 0 3 0 0 0 0 0 133.810000 62.200000 133.810000 62.200000 133.810000 62.200000 0.0 0 
4.694938
 1 390 390 p_burgundian_village_33 Jonvelle 2114582 0 0 3 0 0 0 0 0 141.980000 40.510000 141.980000 40.510000 141.980000 40.510000 0.0 0 
3.211407
 1 391 391 p_burgundian_village_34 Godault 2114582 0 0 3 0 0 0 0 0 63.410000 138.570000 63.410000 138.570000 63.410000 138.570000 0.0 0 
4.276059
 1 392 392 p_burgundian_village_35 Hesdin 2114582 0 0 3 0 0 0 0 0 43.890000 141.210000 43.890000 141.210000 43.890000 141.210000 0.0 0 
3.926993
 1 393 393 p_burgundian_village_36 Autun 2114582 0 0 3 0 0 0 0 0 104.040000 -10.550000 104.040000 -10.550000 104.040000 -10.550000 0.0 0 
3.525567
 1 394 394 p_burgundian_village_37 Reulle 2114582 0 0 3 0 0 0 0 0 122.910000 6.130000 122.910000 6.130000 122.910000 6.130000 0.0 0 
2.897248
 1 395 395 p_burgundian_village_38 Grigny 2114582 0 0 3 0 0 0 0 0 39.010000 153.250000 39.010000 153.250000 39.010000 153.250000 0.0 0 
4.188792
 1 396 396 p_burgundian_village_39 Arras 2114582 0 0 3 0 0 0 0 0 59.560000 144.830000 59.560000 144.830000 59.560000 144.830000 0.0 0 
1.954770
 1 397 397 p_burgundian_village_40 Bredene 2114582 0 0 3 0 0 0 0 0 64.970000 179.600000 64.970000 179.600000 64.970000 179.600000 0.0 0 
1.797690
 1 398 398 p_burgundian_village_41 Donzy 2114582 0 0 3 0 0 0 0 0 70.480000 15.400000 70.480000 15.400000 70.480000 15.400000 0.0 0 
5.969029
 1 399 399 p_burgundian_village_42 Coucy 2114582 0 0 3 0 0 0 0 0 75.600000 103.070000 75.600000 103.070000 75.600000 103.070000 0.0 0 
5.340710
 1 400 400 p_burgundian_village_43 Senlis 2114582 0 0 3 0 0 0 0 0 54.460000 86.860000 54.460000 86.860000 54.460000 86.860000 0.0 0 
2.879795
 1 401 401 p_burgundian_village_44 Hirson 2114582 0 0 3 0 0 0 0 0 97.930000 121.400000 97.930000 121.400000 97.930000 121.400000 0.0 0 
3.508113
 1 402 402 p_burgundian_village_45 Beaumont 2114582 0 0 3 0 0 0 0 0 101.330000 146.710000 101.330000 146.710000 101.330000 146.710000 0.0 0 
0.331613
 1 403 403 p_burgundian_village_46 Pontailler-sur-Saône 2114582 0 0 3 0 0 0 0 0 135.030000 12.770000 135.030000 12.770000 135.030000 12.770000 0.0 0 
2.164209
 1 404 404 p_burgundian_village_47 Vez 2114582 0 0 3 0 0 0 0 0 69.060000 83.760000 69.060000 83.760000 69.060000 83.760000 0.0 0 
2.164209
 1 405 405 p_burgundian_village_48 Rambouillet 2114582 0 0 3 0 0 0 0 0 31.550000 71.730000 31.550000 71.730000 31.550000 71.730000 0.0 0 
2.164209
 1 406 406 p_burgundian_village_49 Angerville 2114582 0 0 3 0 0 0 0 0 38.450000 51.450000 38.450000 51.450000 38.450000 51.450000 0.0 0 
2.164209
 1 407 407 p_burgundian_village_50 Nangis 2114582 0 0 3 0 0 0 0 0 69.680000 65.670000 69.680000 65.670000 69.680000 65.670000 0.0 0 
2.164209
 1 408 408 p_burgundian_village_51 Saint-Brice 2114582 0 0 3 0 0 0 0 0 81.810000 65.770000 81.810000 65.770000 81.810000 65.770000 0.0 0 
2.164209
 1 409 409 p_burgundian_village_52 Beaune 2114582 0 0 3 0 0 0 0 0 130.370000 -2.410000 130.370000 -2.410000 130.370000 -2.410000 0.0 0 
2.164209
 1 410 410 p_breton_village_1 Blain 2114583 0 0 3 0 0 0 0 0 -72.250000 21.380000 -72.250000 21.380000 -72.250000 21.380000 0.0 0 
2.583088
 1 411 411 p_breton_village_2 Treillières 2114583 0 0 3 0 0 0 0 0 -71.710000 15.770000 -71.710000 15.770000 -71.710000 15.770000 0.0 0 
6.003935
 1 412 412 p_breton_village_3 Lohéac 2114583 0 0 3 0 0 0 0 0 -79.660000 39.100000 -79.660000 39.100000 -79.660000 39.100000 0.0 0 
6.126108
 1 413 413 p_breton_village_4 Vitré 2114583 0 0 3 0 0 0 0 0 -59.780000 46.560000 -59.780000 46.560000 -59.780000 46.560000 0.0 0 
6.195922
 1 414 414 p_breton_village_5 Auray 2114583 0 0 3 0 0 0 0 0 -108.150000 33.770000 -108.150000 33.770000 -108.150000 33.770000 0.0 0 
1.431171
 1 415 415 p_breton_village_6 Malestroit 2114583 0 0 3 0 0 0 0 0 -85.580000 39.140000 -85.580000 39.140000 -85.580000 39.140000 0.0 0 
0.261800
 1 416 416 p_breton_village_7 Aleth 2114583 0 0 3 0 0 0 0 0 -82.360000 65.590000 -82.360000 65.590000 -82.360000 65.590000 0.0 0 
4.293512
 1 417 417 p_breton_village_8 Dol 2114583 0 0 3 0 0 0 0 0 -69.030000 69.120000 -69.030000 69.120000 -69.030000 69.120000 0.0 0 
1.745330
 1 418 418 p_breton_village_9 Roscoff 2114583 0 0 3 0 0 0 0 0 -137.840000 80.330000 -137.840000 80.330000 -137.840000 80.330000 0.0 0 
2.914701
 1 419 419 p_breton_village_10 Carantec 2114583 0 0 3 0 0 0 0 0 -131.410000 80.130000 -131.410000 80.130000 -131.410000 80.130000 0.0 0 
2.565635
 1 420 420 p_breton_village_11 Pont-l'Abbé 2114583 0 0 3 0 0 0 0 0 -145.370000 43.980000 -145.370000 43.980000 -145.370000 43.980000 0.0 0 
5.323257
 1 421 421 p_breton_village_12 Audierne 2114583 0 0 3 0 0 0 0 0 -156.640000 52.010000 -156.640000 52.010000 -156.640000 52.010000 0.0 0 
5.602509
 1 422 422 p_breton_village_13 Pont-Ivy 2114583 0 0 3 0 0 0 0 0 -108.880000 55.560000 -108.880000 55.560000 -108.880000 55.560000 0.0 0 
1.623157
 1 423 423 p_breton_village_14 Loudéac 2114583 0 0 3 0 0 0 0 0 -79.730000 53.350000 -79.730000 53.350000 -79.730000 53.350000 0.0 0 
5.707229
 1 424 424 p_breton_village_15 Trégueux 2114583 0 0 3 0 0 0 0 0 -101.230000 68.970000 -101.230000 68.970000 -101.230000 68.970000 0.0 0 
3.490660
 1 425 425 p_breton_village_16 Lamballe 2114583 0 0 3 0 0 0 0 0 -90.810000 70.570000 -90.810000 70.570000 -90.810000 70.570000 0.0 0 
4.782204
 1 426 426 p_breton_village_17 Trémazan 2114583 0 0 3 0 0 0 0 0 -159.450000 74.490000 -159.450000 74.490000 -159.450000 74.490000 0.0 0 
4.049166
 1 427 427 p_breton_village_18 Guérande 2114583 0 0 3 0 0 0 0 0 -92.440000 18.590000 -92.440000 18.590000 -92.440000 18.590000 0.0 0 
6.265735
 1 428 428 p_breton_village_19 Beaumanoir 2114583 0 0 3 0 0 0 0 0 -85.440000 54.270000 -85.440000 54.270000 -85.440000 54.270000 0.0 0 
4.101526
 1 429 429 p_breton_village_20 Romagné 2114583 0 0 3 0 0 0 0 0 -61.140000 60.230000 -61.140000 60.230000 -61.140000 60.230000 0.0 0 
1.553344
 1 430 430 p_breton_village_21 Rougé 2114583 0 0 3 0 0 0 0 0 -66.250000 37.410000 -66.250000 37.410000 -66.250000 37.410000 0.0 0 
0.977385
 1 431 431 p_breton_village_22 Vallet 2114583 0 0 3 0 0 0 0 0 -66.970000 7.260000 -66.970000 7.260000 -66.970000 7.260000 0.0 0 
0.349066
 1 432 432 p_breton_village_23 Hélléan 2114583 0 0 3 0 0 0 0 0 -85.780000 35.220000 -85.780000 35.220000 -85.780000 35.220000 0.0 0 
5.550149
 1 433 433 p_breton_village_24 Landerneau 2114583 0 0 3 0 0 0 0 0 -147.140000 71.120000 -147.140000 71.120000 -147.140000 71.120000 0.0 0 
3.420847
 1 434 434 p_breton_village_25 Lignol 2114583 0 0 3 0 0 0 0 0 -114.620000 56.060000 -114.620000 56.060000 -114.620000 56.060000 0.0 0 
1.884956
 1 435 435 p_breton_village_26 Lannion 2114583 0 0 3 0 0 0 0 0 -121.790000 82.140000 -121.790000 82.140000 -121.790000 82.140000 0.0 0 
3.700100
 1 436 436 p_breton_village_27 Châteaulin 2114583 0 0 3 0 0 0 0 0 -142.450000 60.610000 -142.450000 60.610000 -142.450000 60.610000 0.0 0 
0.820305
 1 437 437 p_breton_village_28 Crest 2114583 0 0 3 0 0 0 0 0 119.310000 -104.260000 119.310000 -104.260000 119.310000 -104.260000 0.0 0 
4.485498
 1 438 438 p_breton_village_29 Kersaint 2114583 0 0 3 0 0 0 0 0 -149.700000 77.820000 -149.700000 77.820000 -149.700000 77.820000 0.0 0 
0.855212
 1 439 439 p_breton_village_30 Paimpol 2114583 0 0 3 0 0 0 0 0 -108.130000 83.250000 -108.130000 83.250000 -108.130000 83.250000 0.0 0 
1.919863
 1 440 440 p_breton_village_31 Commequiers 2114583 0 0 3 0 0 0 0 0 -66.060000 -9.360000 -66.060000 -9.360000 -66.060000 -9.360000 0.0 0 
1.256638
 1 441 441 p_breton_village_32 Morlaix 2114583 0 0 3 0 0 0 0 0 -131.630000 74.510000 -131.630000 74.510000 -131.630000 74.510000 0.0 0 
4.118979
 1 442 442 p_breton_village_33 Plouguerneau 2114583 0 0 3 0 0 0 0 0 -142.970000 79.650000 -142.970000 79.650000 -142.970000 79.650000 0.0 0 
0.296706
 1 443 443 p_breton_village_34 Bieuzy 2114583 0 0 3 0 0 0 0 0 -100.950000 44.460000 -100.950000 44.460000 -100.950000 44.460000 0.0 0 
1.675517
 1 444 444 p_breton_village_35 Hennebont 2114583 0 0 3 0 0 0 0 0 -119.610000 42.970000 -119.610000 42.970000 -119.610000 42.970000 0.0 0 
5.166177
 1 445 445 p_breton_village_36 Sarzeau 2114583 0 0 3 0 0 0 0 0 -102.470000 26.770000 -102.470000 26.770000 -102.470000 26.770000 0.0 0 
6.213375
 1 446 446 p_breton_village_37 Combourg 2114583 0 0 3 0 0 0 0 0 -71.020000 63.080000 -71.020000 63.080000 -71.020000 63.080000 0.0 0 
2.687808
 1 447 447 p_breton_village_38 Redon 2114583 0 0 3 0 0 0 0 0 -77.200000 31.650000 -77.200000 31.650000 -77.200000 31.650000 0.0 0 
6.126108
 1 448 448 p_breton_village_39 Le_Faouët 2114583 0 0 3 0 0 0 0 0 -122.880000 54.790000 -122.880000 54.790000 -122.880000 54.790000 0.0 0 
0.436333
 1 449 449 p_salt_mine Salt_Mine 2114838 0 0 3 0 0 0 0 0 14.200000 -31.000000 14.200000 -31.000000 14.200000 -31.000000 0.0 0 
0.000000
 1 450 450 p_four_ways_inn Four_Ways_Inn 2114838 0 0 3 0 0 0 0 0 4.800000 -39.600000 4.800000 -39.600000 4.800000 -39.600000 0.0 0 
0.000000
 1 451 451 p_test_scene test_scene 2114838 0 0 3 0 0 0 0 0 10.800000 -19.600000 10.800000 -19.600000 10.800000 -19.600000 0.0 0 
0.000000
 1 452 452 p_battlefields battlefields 2114838 0 0 3 0 0 0 0 0 10.800000 -16.600000 10.800000 -16.600000 10.800000 -16.600000 0.0 0 
0.000000
 1 453 453 p_dhorak_keep Dhorak_Keep 2639161 0 0 3 0 0 0 0 0 -50.000000 -58.000000 -50.000000 -58.000000 -50.000000 -58.000000 0.0 0 
0.000000
 1 454 454 p_training_ground Training_Ground 2114884 0 0 3 0 0 0 0 0 65.000000 -105.000000 65.000000 -105.000000 65.000000 -105.000000 0.0 0 
0.000000
 1 455 455 p_training_ground_1 Training_Field 2118724 0 0 3 0 0 0 0 0 35.420000 -40.440000 35.420000 -40.440000 35.420000 -40.440000 0.0 0 
3.612833
 1 456 456 p_training_ground_2 Training_Field 2118724 0 0 3 0 0 0 0 0 -10.780000 89.200000 -10.780000 89.200000 -10.780000 89.200000 0.0 0 
4.101526
 1 457 457 p_training_ground_3 Training_Field 2118724 0 0 3 0 0 0 0 0 95.270000 38.770000 95.270000 38.770000 95.270000 38.770000 0.0 0 
4.031712
 1 458 458 p_training_ground_4 Training_Field 2118724 0 0 3 0 0 0 0 0 17.500000 -130.720000 17.500000 -130.720000 17.500000 -130.720000 0.0 0 
1.553344
 1 459 459 p_training_ground_5 Training_Field 2118724 0 0 3 0 0 0 0 0 -126.560000 63.240000 -126.560000 63.240000 -126.560000 63.240000 0.0 0 
4.014259
 1 460 460 p_Bridge_1 {!}1 541765 0 0 3 0 0 0 0 0 -84.310000 30.170000 -84.310000 30.170000 -84.310000 30.170000 0.0 0 
0.628319
 1 461 461 p_Bridge_2 {!}2 541765 0 0 3 0 0 0 0 0 112.930000 -132.450000 112.930000 -132.450000 112.930000 -132.450000 0.0 0 
4.607671
 1 462 462 p_Bridge_3 {!}3 541765 0 0 3 0 0 0 0 0 18.890000 84.510000 18.890000 84.510000 18.890000 84.510000 0.0 0 
5.026550
 1 463 463 p_Bridge_4 {!}4 541765 0 0 3 0 0 0 0 0 -48.300000 -79.070000 -48.300000 -79.070000 -48.300000 -79.070000 0.0 0 
1.815143
 1 464 464 p_Bridge_5 {!}5 541765 0 0 3 0 0 0 0 0 41.820000 83.480000 41.820000 83.480000 41.820000 83.480000 0.0 0 
1.029745
 1 465 465 p_Bridge_6 {!}6 541765 0 0 3 0 0 0 0 0 -42.420000 26.580000 -42.420000 26.580000 -42.420000 26.580000 0.0 0 
1.169371
 1 466 466 p_Bridge_7 {!}7 541765 0 0 3 0 0 0 0 0 -22.940000 45.030000 -22.940000 45.030000 -22.940000 45.030000 0.0 0 
1.466077
 1 467 467 p_Bridge_8 {!}8 541765 0 0 3 0 0 0 0 0 78.810000 61.290000 78.810000 61.290000 78.810000 61.290000 0.0 0 
0.401426
 1 468 468 p_Bridge_9 {!}9 541765 0 0 3 0 0 0 0 0 115.750000 -97.190000 115.750000 -97.190000 115.750000 -97.190000 0.0 0 
1.204278
 1 469 469 p_Bridge_10 {!}10 541765 0 0 3 0 0 0 0 0 17.150000 75.640000 17.150000 75.640000 17.150000 75.640000 0.0 0 
4.799658
 1 470 470 p_Bridge_11 {!}11 541765 0 0 3 0 0 0 0 0 -32.930000 -136.580000 -32.930000 -136.580000 -32.930000 -136.580000 0.0 0 
2.111849
 1 471 471 p_Bridge_12 {!}12 541765 0 0 3 0 0 0 0 0 56.130000 24.980000 56.130000 24.980000 56.130000 24.980000 0.0 0 
5.637416
 1 472 472 p_Bridge_13 {!}13 541765 0 0 3 0 0 0 0 0 65.010000 8.090000 65.010000 8.090000 65.010000 8.090000 0.0 0 
4.852017
 1 473 473 p_Bridge_14 {!}14 541765 0 0 3 0 0 0 0 0 19.660000 21.920000 19.660000 21.920000 19.660000 21.920000 0.0 0 
0.593412
 1 474 474 p_Bridge_15 {!}15 541765 0 0 3 0 0 0 0 0 64.920000 82.050000 64.920000 82.050000 64.920000 82.050000 0.0 0 
5.585056
 1 475 475 p_Bridge_16 {!}16 541765 0 0 3 0 0 0 0 0 -67.460000 10.850000 -67.460000 10.850000 -67.460000 10.850000 0.0 0 
0.191986
 1 476 476 p_Bridge_17 {!}17 541765 0 0 3 0 0 0 0 0 -75.600000 64.790000 -75.600000 64.790000 -75.600000 64.790000 0.0 0 
0.523599
 1 477 477 p_Bridge_18 {!}18 541765 0 0 3 0 0 0 0 0 103.520000 46.270000 103.520000 46.270000 103.520000 46.270000 0.0 0 
5.375616
 1 478 478 p_Bridge_19 {!}19 541765 0 0 3 0 0 0 0 0 115.040000 -83.710000 115.040000 -83.710000 115.040000 -83.710000 0.0 0 
5.253443
 1 479 479 p_Bridge_20 {!}20 541765 0 0 3 0 0 0 0 0 -16.130000 62.460000 -16.130000 62.460000 -16.130000 62.460000 0.0 0 
0.261800
 1 480 480 p_Bridge_21 {!}21 541765 0 0 3 0 0 0 0 0 -23.010000 57.160000 -23.010000 57.160000 -23.010000 57.160000 0.0 0 
1.500984
 1 481 481 p_Bridge_22 {!}22 541765 0 0 3 0 0 0 0 0 99.940000 -118.420000 99.940000 -118.420000 99.940000 -118.420000 0.0 0 
5.951575
 1 482 482 p_Bridge_23 {!}23 541765 0 0 3 0 0 0 0 0 -29.520000 95.260000 -29.520000 95.260000 -29.520000 95.260000 0.0 0 
4.345872
 1 483 483 p_Bridge_24 {!}24 541765 0 0 3 0 0 0 0 0 -6.780000 -94.010000 -6.780000 -94.010000 -6.780000 -94.010000 0.0 0 
6.021389
 1 484 484 p_Bridge_25 {!}25 541765 0 0 3 0 0 0 0 0 19.470000 -19.870000 19.470000 -19.870000 19.470000 -19.870000 0.0 0 
2.408555
 1 485 485 p_Bridge_26 {!}26 541765 0 0 3 0 0 0 0 0 -69.140000 50.830000 -69.140000 50.830000 -69.140000 50.830000 0.0 0 
0.506146
 1 486 486 p_Bridge_27 {!}27 541765 0 0 3 0 0 0 0 0 19.760000 65.530000 19.760000 65.530000 19.760000 65.530000 0.0 0 
0.645772
 1 487 487 p_Bridge_28 {!}28 541765 0 0 3 0 0 0 0 0 98.030000 54.860000 98.030000 54.860000 98.030000 54.860000 0.0 0 
5.358163
 1 488 488 p_Bridge_29 {!}29 541765 0 0 3 0 0 0 0 0 114.040000 -104.420000 114.040000 -104.420000 114.040000 -104.420000 0.0 0 
5.986482
 1 489 489 p_Bridge_30 {!}30 541765 0 0 3 0 0 0 0 0 -58.900000 50.000000 -58.900000 50.000000 -58.900000 50.000000 0.0 0 
0.087267
 1 490 490 p_Bridge_31 {!}31 541765 0 0 3 0 0 0 0 0 35.880000 34.070000 35.880000 34.070000 35.880000 34.070000 0.0 0 
0.104720
 1 491 491 p_Bridge_32 {!}32 541765 0 0 3 0 0 0 0 0 107.200000 -123.480000 107.200000 -123.480000 107.200000 -123.480000 0.0 0 
6.283188
 1 492 492 p_Bridge_33 {!}33 541765 0 0 3 0 0 0 0 0 8.590000 101.640000 8.590000 101.640000 8.590000 101.640000 0.0 0 
5.427976
 1 493 493 p_Bridge_34 {!}34 541765 0 0 3 0 0 0 0 0 -44.820000 -91.710000 -44.820000 -91.710000 -44.820000 -91.710000 0.0 0 
1.727877
 1 494 494 p_Bridge_35 {!}35 541765 0 0 3 0 0 0 0 0 53.250000 76.090000 53.250000 76.090000 53.250000 76.090000 0.0 0 
0.750492
 1 495 495 p_Bridge_36 {!}36 541765 0 0 3 0 0 0 0 0 -36.620000 18.410000 -36.620000 18.410000 -36.620000 18.410000 0.0 0 
0.017453
 1 496 496 p_Bridge_37 {!}37 541765 0 0 3 0 0 0 0 0 68.610000 -6.420000 68.610000 -6.420000 68.610000 -6.420000 0.0 0 
4.869471
 1 497 497 p_Bridge_38 {!}38 541765 0 0 3 0 0 0 0 0 98.030000 54.860000 98.030000 54.860000 98.030000 54.860000 0.0 0 
5.358163
 1 498 498 p_Bridge_39 {!}39 541765 0 0 3 0 0 0 0 0 114.040000 -104.420000 114.040000 -104.420000 114.040000 -104.420000 0.0 0 
5.986482
 1 499 499 p_Bridge_40 {!}40 541765 0 0 3 0 0 0 0 0 34.090000 133.580000 34.090000 133.580000 34.090000 133.580000 0.0 0 
5.777042
 1 500 500 p_Bridge_41 {!}41 541765 0 0 3 0 0 0 0 0 -63.110000 -139.270000 -63.110000 -139.270000 -63.110000 -139.270000 0.0 0 
6.161015
 1 501 501 p_Bridge_42 {!}42 541765 0 0 3 0 0 0 0 0 -74.170000 -146.470000 -74.170000 -146.470000 -74.170000 -146.470000 0.0 0 
6.091202
 1 502 502 p_Bridge_43 {!}43 541765 0 0 3 0 0 0 0 0 -63.720000 -145.240000 -63.720000 -145.240000 -63.720000 -145.240000 0.0 0 
6.161015
 1 503 503 p_Bridge_44 {!}44 541765 0 0 3 0 0 0 0 0 -48.060000 -144.900000 -48.060000 -144.900000 -48.060000 -144.900000 0.0 0 
2.199116
 1 504 504 p_Bridge_45 {!}45 541765 0 0 3 0 0 0 0 0 -55.980000 -134.040000 -55.980000 -134.040000 -55.980000 -134.040000 0.0 0 
4.066619
 1 505 505 p_Bridge_46 {!}46 541765 0 0 3 0 0 0 0 0 -33.660000 -164.880000 -33.660000 -164.880000 -33.660000 -164.880000 0.0 0 
1.658064
 1 506 506 p_Bridge_47 {!}47 541765 0 0 3 0 0 0 0 0 -24.470000 -165.340000 -24.470000 -165.340000 -24.470000 -165.340000 0.0 0 
1.658064
 1 507 507 p_Bridge_48 {!}48 541765 0 0 3 0 0 0 0 0 6.800000 -153.520000 6.800000 -153.520000 6.800000 -153.520000 0.0 0 
1.117011
 1 508 508 p_Bridge_49 {!}49 541765 0 0 3 0 0 0 0 0 -16.740000 -166.460000 -16.740000 -166.460000 -16.740000 -166.460000 0.0 0 
0.069813
 1 509 509 p_Bridge_50 {!}50 541765 0 0 3 0 0 0 0 0 9.980000 -146.470000 9.980000 -146.470000 9.980000 -146.470000 0.0 0 
1.535890
 1 510 510 p_Bridge_51 {!}51 541765 0 0 3 0 0 0 0 0 -19.490000 -119.290000 -19.490000 -119.290000 -19.490000 -119.290000 0.0 0 
2.199116
 1 511 511 p_Bridge_52 {!}52 541765 0 0 3 0 0 0 0 0 -10.140000 -111.320000 -10.140000 -111.320000 -10.140000 -111.320000 0.0 0 
0.122173
 1 512 512 p_Bridge_53 {!}53 541765 0 0 3 0 0 0 0 0 14.080000 -110.980000 14.080000 -110.980000 14.080000 -110.980000 0.0 0 
6.108655
 1 513 513 p_Bridge_54 {!}54 541765 0 0 3 0 0 0 0 0 -11.000000 -132.610000 -11.000000 -132.610000 -11.000000 -132.610000 0.0 0 
1.291544
 1 514 514 p_Bridge_55 {!}55 541765 0 0 3 0 0 0 0 0 21.920000 -136.940000 21.920000 -136.940000 21.920000 -136.940000 0.0 0 
0.418879
 1 515 515 p_Bridge_56 {!}56 541765 0 0 3 0 0 0 0 0 9.260000 -130.760000 9.260000 -130.760000 9.260000 -130.760000 0.0 0 
2.530729
 1 516 516 p_Bridge_57 {!}57 541765 0 0 3 0 0 0 0 0 -12.310000 -143.360000 -12.310000 -143.360000 -12.310000 -143.360000 0.0 0 
1.570797
 1 517 517 p_Bridge_58 {!}58 541765 0 0 3 0 0 0 0 0 56.070000 99.810000 56.070000 99.810000 56.070000 99.810000 0.0 0 
0.541052
 1 518 518 p_Bridge_59 {!}59 541765 0 0 3 0 0 0 0 0 80.700000 113.450000 80.700000 113.450000 80.700000 113.450000 0.0 0 
0.436333
 1 519 519 p_Bridge_60 {!}60 541765 0 0 3 0 0 0 0 0 102.750000 81.490000 102.750000 81.490000 102.750000 81.490000 0.0 0 
5.497790
 1 520 520 p_Bridge_61 {!}61 541765 0 0 3 0 0 0 0 0 -44.090000 -53.360000 -44.090000 -53.360000 -44.090000 -53.360000 0.0 0 
5.340710
 1 521 521 p_Bridge_62 {!}62 541765 0 0 3 0 0 0 0 0 -52.900000 -105.650000 -52.900000 -105.650000 -52.900000 -105.650000 0.0 0 
5.759589
 1 522 522 p_Bridge_63 {!}63 541765 0 0 3 0 0 0 0 0 -23.220000 -53.870000 -23.220000 -53.870000 -23.220000 -53.870000 0.0 0 
1.588250
 1 523 523 p_Bridge_64 {!}64 541765 0 0 3 0 0 0 0 0 -17.240000 6.630000 -17.240000 6.630000 -17.240000 6.630000 0.0 0 
2.705262
 1 524 524 p_Bridge_65 {!}65 541765 0 0 3 0 0 0 0 0 -3.560000 -29.800000 -3.560000 -29.800000 -3.560000 -29.800000 0.0 0 
4.415685
 1 525 525 p_Bridge_66 {!}66 541765 0 0 3 0 0 0 0 0 -16.770000 -38.350000 -16.770000 -38.350000 -16.770000 -38.350000 0.0 0 
0.471239
 1 526 526 p_Bridge_67 {!}67 541765 0 0 3 0 0 0 0 0 -6.930000 -51.260000 -6.930000 -51.260000 -6.930000 -51.260000 0.0 0 
5.235990
 1 527 527 p_Bridge_68 {!}68 541765 0 0 3 0 0 0 0 0 7.910000 -54.010000 7.910000 -54.010000 7.910000 -54.010000 0.0 0 
2.338742
 1 528 528 p_Bridge_69 {!}69 541765 0 0 3 0 0 0 0 0 17.260000 -94.670000 17.260000 -94.670000 17.260000 -94.670000 0.0 0 
6.178468
 1 529 529 p_Bridge_70 {!}70 541765 0 0 3 0 0 0 0 0 47.450000 -73.890000 47.450000 -73.890000 47.450000 -73.890000 0.0 0 
1.012291
 1 530 530 p_Bridge_71 {!}71 541765 0 0 3 0 0 0 0 0 95.720000 -48.750000 95.720000 -48.750000 95.720000 -48.750000 0.0 0 
1.221731
 1 531 531 p_Bridge_72 {!}72 541765 0 0 3 0 0 0 0 0 74.760000 -26.790000 74.760000 -26.790000 74.760000 -26.790000 0.0 0 
1.710423
 1 532 532 p_Bridge_73 {!}73 541765 0 0 3 0 0 0 0 0 29.120000 -86.420000 29.120000 -86.420000 29.120000 -86.420000 0.0 0 
0.767945
 1 533 533 p_Bridge_74 {!}74 541765 0 0 3 0 0 0 0 0 61.640000 -127.110000 61.640000 -127.110000 61.640000 -127.110000 0.0 0 
0.837758
 1 534 534 p_Bridge_75 {!}75 541765 0 0 3 0 0 0 0 0 32.160000 -108.410000 32.160000 -108.410000 32.160000 -108.410000 0.0 0 
0.418879
 1 535 535 p_Bridge_76 {!}76 541765 0 0 3 0 0 0 0 0 60.880000 57.090000 60.880000 57.090000 60.880000 57.090000 0.0 0 
6.230828
 1 536 536 p_Bridge_77 {!}77 541765 0 0 3 0 0 0 0 0 85.530000 26.890000 85.530000 26.890000 85.530000 26.890000 0.0 0 
4.834564
 1 537 537 p_Bridge_78 {!}78 541765 0 0 3 0 0 0 0 0 115.450000 17.160000 115.450000 17.160000 115.450000 17.160000 0.0 0 
5.235990
 1 538 538 p_Bridge_79 {!}79 541765 0 0 3 0 0 0 0 0 145.130000 53.100000 145.130000 53.100000 145.130000 53.100000 0.0 0 
4.485498
 1 539 539 p_Bridge_80 {!}80 541765 0 0 3 0 0 0 0 0 150.010000 12.970000 150.010000 12.970000 150.010000 12.970000 0.0 0 
0.226893
 1 540 540 p_Bridge_81 {!}81 541765 0 0 3 0 0 0 0 0 45.610000 -105.820000 45.610000 -105.820000 45.610000 -105.820000 0.0 0 
3.124141
 1 541 541 p_Bridge_82 {!}82 541765 0 0 3 0 0 0 0 0 147.290000 -5.370000 147.290000 -5.370000 147.290000 -5.370000 0.0 0 
0.034907
 1 542 542 p_Bridge_83 {!}83 541765 0 0 3 0 0 0 0 0 128.310000 -13.100000 128.310000 -13.100000 128.310000 -13.100000 0.0 0 
0.628319
 1 543 543 p_Bridge_84 {!}84 541765 0 0 3 0 0 0 0 0 96.790000 -8.330000 96.790000 -8.330000 96.790000 -8.330000 0.0 0 
4.904377
 1 544 544 p_Bridge_85 {!}85 541765 0 0 3 0 0 0 0 0 75.210000 -35.420000 75.210000 -35.420000 75.210000 -35.420000 0.0 0 
4.886924
 1 545 545 p_Bridge_86 {!}86 541765 0 0 3 0 0 0 0 0 -51.910000 -29.610000 -51.910000 -29.610000 -51.910000 -29.610000 0.0 0 
0.069813
 1 546 546 p_Bridge_87 {!}87 541765 0 0 3 0 0 0 0 0 86.650000 -23.110000 86.650000 -23.110000 86.650000 -23.110000 0.0 0 
5.235990
 1 547 547 p_Bridge_88 {!}88 541765 0 0 3 0 0 0 0 0 -39.400000 -30.650000 -39.400000 -30.650000 -39.400000 -30.650000 0.0 0 
0.436333
 1 548 548 p_Bridge_89 {!}89 541765 0 0 3 0 0 0 0 0 123.360000 -61.060000 123.360000 -61.060000 123.360000 -61.060000 0.0 0 
5.986482
 1 549 549 p_Bridge_90 {!}90 541765 0 0 3 0 0 0 0 0 117.440000 -45.950000 117.440000 -45.950000 117.440000 -45.950000 0.0 0 
1.343904
 1 550 550 p_Bridge_91 {!}91 541765 0 0 3 0 0 0 0 0 43.410000 -76.420000 43.410000 -76.420000 43.410000 -76.420000 0.0 0 
0.610866
 1 551 551 p_Bridge_92 {!}92 541765 0 0 3 0 0 0 0 0 -2.410000 12.970000 -2.410000 12.970000 -2.410000 12.970000 0.0 0 
5.951575
 1 552 552 p_Bridge_93 {!}93 541765 0 0 3 0 0 0 0 0 20.850000 -55.720000 20.850000 -55.720000 20.850000 -55.720000 0.0 0 
5.515243
 1 553 553 p_Bridge_94 {!}94 541765 0 0 3 0 0 0 0 0 35.820000 -43.480000 35.820000 -43.480000 35.820000 -43.480000 0.0 0 
4.729844
 1 554 554 p_Bridge_95 {!}95 541765 0 0 3 0 0 0 0 0 68.380000 -15.310000 68.380000 -15.310000 68.380000 -15.310000 0.0 0 
4.590218
 1 555 555 p_Bridge_96 {!}96 541765 0 0 3 0 0 0 0 0 93.880000 -30.680000 93.880000 -30.680000 93.880000 -30.680000 0.0 0 
5.532696
 1 556 556 p_Bridge_97 {!}97 541765 0 0 3 0 0 0 0 0 80.590000 -114.900000 80.590000 -114.900000 80.590000 -114.900000 0.0 0 
4.485498
 1 557 557 p_Bridge_98 {!}98 541765 0 0 3 0 0 0 0 0 -14.050000 -93.820000 -14.050000 -93.820000 -14.050000 -93.820000 0.0 0 
6.143562
 1 558 558 p_Bridge_99 {!}99 541765 0 0 3 0 0 0 0 0 -37.100000 -88.940000 -37.100000 -88.940000 -37.100000 -88.940000 0.0 0 
5.550149
 1 559 559 p_Bridge_100 {!}100 541765 0 0 3 0 0 0 0 0 -26.040000 -60.030000 -26.040000 -60.030000 -26.040000 -60.030000 0.0 0 
0.279253
 1 560 560 p_Bridge_101 {!}101 541765 0 0 3 0 0 0 0 0 73.150000 -80.160000 73.150000 -80.160000 73.150000 -80.160000 0.0 0 
4.380778
 1 561 561 p_Bridge_102 {!}102 541765 0 0 3 0 0 0 0 0 -5.650000 -20.540000 -5.650000 -20.540000 -5.650000 -20.540000 0.0 0 
4.729844
 1 562 562 p_Bridge_103 {!}103 541765 0 0 3 0 0 0 0 0 109.110000 -114.130000 109.110000 -114.130000 109.110000 -114.130000 0.0 0 
1.396264
 1 563 563 p_Bridge_104 {!}104 541765 0 0 3 0 0 0 0 0 69.760000 -59.670000 69.760000 -59.670000 69.760000 -59.670000 0.0 0 
1.012291
 1 564 564 p_Bridge_105 {!}105 541765 0 0 3 0 0 0 0 0 27.370000 7.110000 27.370000 7.110000 27.370000 7.110000 0.0 0 
0.034907
 1 565 565 p_Bridge_106 {!}106 541765 0 0 3 0 0 0 0 0 39.030000 4.130000 39.030000 4.130000 39.030000 4.130000 0.0 0 
6.073748
 1 566 566 p_Bridge_107 {!}107 541765 0 0 3 0 0 0 0 0 113.420000 117.460000 113.420000 117.460000 113.420000 117.460000 0.0 0 
1.204278
 1 567 567 p_Bridge_108 {!}108 541765 0 0 3 0 0 0 0 0 132.550000 90.060000 132.550000 90.060000 132.550000 90.060000 0.0 0 
1.832597
 1 568 568 p_Bridge_109 {!}109 541765 0 0 3 0 0 0 0 0 -1.330000 16.860000 -1.330000 16.860000 -1.330000 16.860000 0.0 0 
0.174533
 1 569 569 p_Bridge_110 {!}110 541765 0 0 3 0 0 0 0 0 70.370000 -114.300000 70.370000 -114.300000 70.370000 -114.300000 0.0 0 
0.226893
 1 570 570 p_Bridge_111 {!}111 541765 0 0 3 0 0 0 0 0 71.040000 -103.210000 71.040000 -103.210000 71.040000 -103.210000 0.0 0 
2.024583
 1 571 571 p_Bridge_112 {!}112 541765 0 0 3 0 0 0 0 0 7.600000 -17.430000 7.600000 -17.430000 7.600000 -17.430000 0.0 0 
5.707229
 1 572 572 p_Bridge_113 {!}113 541765 0 0 3 0 0 0 0 0 54.380000 -111.450000 54.380000 -111.450000 54.380000 -111.450000 0.0 0 
6.091202
 1 573 573 p_Bridge_114 {!}114 541765 0 0 3 0 0 0 0 0 -17.240000 6.630000 -17.240000 6.630000 -17.240000 6.630000 0.0 0 
2.705262
 1 574 574 p_routier_bandit_spawn_point_1 the_plains 1280 0 0 2 0 0 0 0 0 -6.500000 87.000000 -6.500000 87.000000 -6.500000 87.000000 0.0 1 209 15 0 0 
0.000000
 1 575 575 p_routier_bandit_spawn_point_2 the_plains 1280 0 0 2 0 0 0 0 0 85.000000 135.000000 85.000000 135.000000 85.000000 135.000000 0.0 1 209 15 0 0 
0.000000
 1 576 576 p_flayer_bandit_spawn_point_1 the_plains 1280 0 0 2 0 0 0 0 0 -16.000000 -70.000000 -16.000000 -70.000000 -16.000000 -70.000000 0.0 1 209 15 0 0 
0.000000
 1 577 577 p_flayer_bandit_spawn_point_2 the_plains 1280 0 0 2 0 0 0 0 0 23.000000 -3.000000 23.000000 -3.000000 23.000000 -3.000000 0.0 1 209 15 0 0 
0.000000
 1 578 578 p_retondeur_bandit_spawn_point_1 the_plains 1280 0 0 2 0 0 0 0 0 84.000000 75.000000 84.000000 75.000000 84.000000 75.000000 0.0 1 209 15 0 0 
0.000000
 1 579 579 p_retondeur_bandit_spawn_point_2 the_plains 1280 0 0 2 0 0 0 0 0 27.000000 50.000000 27.000000 50.000000 27.000000 50.000000 0.0 1 209 15 0 0 
0.000000
 1 580 580 p_tard_venus_bandit_spawn_point_1 the_plains 1280 0 0 2 0 0 0 0 0 90.000000 -135.000000 90.000000 -135.000000 90.000000 -135.000000 0.0 1 209 15 0 0 
0.000000
 1 581 581 p_tard_venus_bandit_spawn_point_2 the_plains 1280 0 0 2 0 0 0 0 0 130.000000 -35.000000 130.000000 -35.000000 130.000000 -35.000000 0.0 1 209 15 0 0 
0.000000
 1 582 582 p_peasant_bandit_spawn_point_1 the_plains 1280 0 0 2 0 0 0 0 0 -90.000000 40.000000 -90.000000 40.000000 -90.000000 40.000000 0.0 1 209 15 0 0 
0.000000
 1 583 583 p_peasant_bandit_spawn_point_2 the_plains 1280 0 0 2 0 0 0 0 0 0.000000 -15.000000 0.000000 -15.000000 0.000000 -15.000000 0.0 1 209 15 0 0 
0.000000
 1 584 584 p_spawn_points_end {!}last_spawn 1280 0 0 1 0 0 0 0 0 0.000000 0.000000 0.000000 0.000000 0.000000 0.000000 0.0 1 209 15 0 0 
0.000000
 1 585 585 p_warp_output {!}WARP_output_array 1280 0 0 1 0 0 0 0 0 0.000000 0.000000 0.000000 0.000000 0.000000 0.000000 0.0 0 
0.000000
 1 586 586 p_warp_temp {!}WARP_temp_array 1280 0 0 1 0 0 0 0 0 0.000000 0.000000 0.000000 0.000000 0.000000 0.000000 0.0 0 
0.000000
 1 587 587 p_player_camp Mercenary_Company 21794 0 0 3 0 0 0 0 0 10.000000 -100.000000 10.000000 -100.000000 10.000000 -100.000000 0.0 0 
0.000000
 1 588 588 p_player_bandit_hideout Hideout 21972 0 0 3 0 0 0 0 0 10.000000 -100.000000 10.000000 -100.000000 10.000000 -100.000000 0.0 0 
0.000000
 1 589 589 p_player_camp_spawn_point_1 Camp_Spawn_Point 1280 0 0 1 0 0 0 0 0 -29.800000 -73.000000 -29.800000 -73.000000 -29.800000 -73.000000 0.0 0 
0.000000
 1 590 590 p_player_camp_spawn_point_2 Camp_Spawn_Point 1280 0 0 1 0 0 0 0 0 -52.460000 37.730000 -52.460000 37.730000 -52.460000 37.730000 0.0 0 
0.000000
 1 591 591 p_player_camp_spawn_point_3 Camp_Spawn_Point 1280 0 0 1 0 0 0 0 0 119.220000 -24.630000 119.220000 -24.630000 119.220000 -24.630000 0.0 0 
0.000000
 1 592 592 p_player_camp_spawn_point_4 Camp_Spawn_Point 1280 0 0 1 0 0 0 0 0 20.690000 46.270000 20.690000 46.270000 20.690000 46.270000 0.0 0 
0.000000
 1 593 593 p_player_camp_spawn_point_5 Camp_Spawn_Point 1280 0 0 1 0 0 0 0 0 21.650000 101.870000 21.650000 101.870000 21.650000 101.870000 0.0 0 
0.000000
 1 594 594 p_player_camp_spawn_point_end Camp_Spawn_Point 1280 0 0 1 0 0 0 0 0 -6.500000 87.000000 -6.500000 87.000000 -6.500000 87.000000 0.0 0 
0.000000
 1 595 595 p_pointer_player _ 2621696 0 0 3 0 0 0 0 0 25.000000 -5.000000 25.000000 -5.000000 25.000000 -5.000000 0.0 0 
0.000000
 1 596 596 p_pointer _ 525568 0 0 3 0 0 0 0 0 25.000000 -5.000000 25.000000 -5.000000 25.000000 -5.000000 0.0 0 
0.000000
 1 597 597 p_reserved_1 {!}last_spawn_point 1280 0 0 1 0 0 0 0 0 0.000000 0.000000 0.000000 0.000000 0.000000 0.000000 0.0 1 209 15 0 0 
0.000000
 1 598 598 p_reserved_2 {!}last_spawn_point 1280 0 0 1 0 0 0 0 0 0.000000 0.000000 0.000000 0.000000 0.000000 0.000000 0.0 1 209 15 0 0 
0.000000
 1 599 599 p_reserved_3 {!}last_spawn_point 1280 0 0 1 0 0 0 0 0 0.000000 0.000000 0.000000 0.000000 0.000000 0.000000 0.0 1 209 15 0 0 
0.000000
 1 600 600 p_reserved_4 {!}last_spawn_point 1280 0 0 1 0 0 0 0 0 0.000000 0.000000 0.000000 0.000000 0.000000 0.000000 0.0 1 209 15 0 0 
0.000000
 1 601 601 p_reserved_5 {!}last_spawn_point 1280 0 0 1 0 0 0 0 0 0.000000 0.000000 0.000000 0.000000 0.000000 0.000000 0.0 1 209 15 0 0 
0.000000
 1 602 602 p_static_parties_end {!}reserved 1280 0 0 1 0 0 0 0 0 0.000000 0.000000 0.000000 0.000000 0.000000 0.000000 0.0 1 209 15 0 0 
0.000000
