1
1
1
1
1
1
1
1
1
1
1
1
1
1
1
1
1
1
1
1
1
1
1
1
1
1
1
1
1
1
1
1
1
1
1
1
1
1
1
1
1
1
1
1
1
1
1
1
1
1
1
1
1
1
1
1
1
1
1
1
1
1
1
1
1
1
1
1
1
1
1
1
1
1
1
1
1
1
1
1
1
1
1
1
1
1
1
1
1
1
1
1
1
1
1
1
1
1
1
1
7
1
5
3
2
1
1
1
5
11
7
6
7
6
23
2563
26
374
76
45
28
110
10
2
19
32
13
10
5
3
2
3
2
2
7
195
35
32
2
-5
-5
37
2
2
3
20
94
12
14
29
18
78
168
3
1
0
6
2
2
19
15
1
3
-1
-1
2
-1
2
9
5
2
5
1
10
2
13
0
-7
-3
2
2
3
2
2
2
1
2
11
2
6
-8
0
1
8
17
0
50
-15
13
6
7
-3
17
-3
5
3
5
1
179
-2
2
15
16
11
11
11
-17
6
2
26
3
2
7
4
18
2
6
5
5
5
10
4
9
2
3
11
12
7
215
-2
1
2
2
1
1
1
2
5
2
6
3
3
3
3
3
35
2
2
4
1
1
1
1
1
1
1
2
5
5
68
17
6
2
2
1
1
3
3
9
3
2
2
2
2
3
4
5
3
2
3
31
117
-1
1
1
6
-13
64
1
5
-5
-4
1
1
2
-2
1
14
-9
-7
0
11
-3
3
6
0
-9
-8
-9
-2
-2
-27
-2
-3
-11
0
-1
32
-1
5
-2
-1
-2
0
-5
1
-1
2
-1
-3
-3
250
-2
23
-16
-6
-1
-3
-10
-2
0
-7
0
-3
0
-4
0
-1
-3
-3
-1
0
-1
0
-1
-1
0
-1
3
-5
-3
-1
-3
11
-8
-13
0
-1
-1
-1
-1
-1
-1
-2
-2
-1
-9
-1
-1
-1
-1
-1
0
-3
-1
-2
1
1
1
3
0
376
-1
-1
2
1
0
0
9
2
13
4
-6
46
-2
562
-2
-1
4
-1
11
2
2
2
2
36
35
19
2
2
51
15
51
8
-5
3
10
1
3
9
11
4
7
2
8
2
2
2
2
2
2
3
6
3
3
1
13
2
2
2
2
2
2
2
2
2
6
1
25
3
3
3
3
3
2
1
14
2
2
2
2
2
2
2
1
9
2
2
2
2
2
2
1
6
7
182
6
17
9
2
2
2
15
2
2
3
3
2
2
2
3
12
34
33
9
5
34
6
-1
9
3
2
2
10
4
11
6
15
8
14
10
8
8
8
8
8
7
7
7
2
2
2
2
2
2
2
2
2
6
8
2
3
9
4
4
4
4
4
6
6
5
2
4
2
2
11
4
4
4
9
7
10
11
4
4
11
3
4
4
10
4
4
4
4
4
4
4
2
4
2
4
4
4
4
34
-1
-1
2
4
7
3
2
3
4
0
2
2
4
38
44
10
3
14
3
15
3
13
3
15
3
7
3
7
3
7
3
7
3
4
4
2
2
2
2
8
12
7
6
1
1
1
1
1
40
9
7
4
2
5
2
2
5
5
19
13
14
8
6
5
2
4
3
4
4
4
5
5
7
5
5
5
4
4
2
4
5
4
15
4
4
4
4
4
4
2
3
4
4
3
3
5
2
4
3
3
4
4
3
3
2
4
4
21
13
4
7
4
4
3
3
3
3
3
3
3
4
4
3
3
3
3
3
3
4
4
3
3
3
3
4
4
3
3
3
3
4
4
3
3
3
3
4
4
3
3
21
3
5
4
4
7
3
3
1
2
2
2
2
2
2
2
2
2
13
13
13
13
13
13
13
13
13
2
18
15
4
3
3
3
18
14
4
3
3
3
18
12
4
3
3
3
18
12
4
3
3
3
18
12
4
3
3
3
18
12
4
3
3
3
18
12
4
3
3
3
18
12
4
3
3
3
18
12
4
3
3
3
12
9
9
9
5
5
5
5
4
4
4
4
4
4
4
3
3
3
3
3
3
3
3
3
3
3
3
6
5
5
5
6
2
2
2
27
59
10
8
6
6
6
6
18
42
7
6
4
4
3
3
1
1
3
1
8
0
1
2
10
0
24
6
13
12
-2
-2
2
-1
11
11
14
14
9
0
0
0
0
0
-2
8
0
-2
-2
1
0
3
1
127
22
5
1
0
-2
11
0
18
13
2
2
1
7
7
7
7
27
12
-1
-2
8
2
-1
-1
-1
-5
-1
2
-8
0
1
1
7
2
5
-1
0
-1
-1
-1
-2
-2
-2
-3
-1
-1
0
-1
0
0
-1
-1
-1
-1
-1
-1
-2
3
1
-4
-2
0
0
-7
-5
8
-1
2
0
-1
0
0
3
0
6
-1
-1
2
11
2
4
-1
-1
0
-1
-1
20
2
10
1
2
2
2
1
1
0
10
12
12
9
3
3
3
2
2
17
6
2
7
21
12
2
3
11
11
10
10
9
5
9
11
7
8
3
1
1
2
1
1
0
0
2
-4
-1
-2
3
4
2
4
1
13
6
6
3
3
-1
2
3
6
18
17
5
10
12
5
1
3
3
14
6
10
6
8
3
9
9
29
29
28
29
29
28
12
5
12
5
12
5
12
5
12
5
12
5
7
3
7
3
3
3
7
3
8
11
5
4
3
4
2
2
-4
-4
-1
0
-1
-4
-1
-3
0
0
0
0
0
-2
-1
0
4
1
1
1
1
1
1
3
1
19
2
1
13
1
1
7
7
7
7
7
7
9
3
3
2
1
3
6
12
6
8
2
4
18
-2
-2
2
0
0
2
0
-1
1
2
4
0
11
4
-2
2
16
6
5
3
11
1
2
1
-6
-1
-1
4
2
4
-2
-4
6
2
1
-1
-1
0
1
6
-1
1
1
0
139
15
13
15
9
7
7
16
2
37
2
1
2
4
7
5
2
6
-3
-4
0
31
22
37
5
0
0
9
80
0
12
12
12
1
12
12
9
63
63
33
21
10
7
7
3
3
8
4
4
28
19
10
10
8
0
11
4
1
3
1
4
1
7
4
9
3
-1
1
17
4
3
1
7
1
1
1
3
1
0
3
2
4
3
3
6
5
0
29
-3
11
-2
10
10
-1
-1
-1
-2
-2
-2
0
7
134
-1
0
-1
-2
71
71
23
23
23
11
35
35
23
23
47
47
23
26
1
18
54
48
282
0
0
0
0
239
5
30
6
12
18
6
44
6
11
-1
6
2
17
6
48
48
48
48
36
36
36
36
10
20
4
0
2
1
21
1
2
49
17
0
2
1
4
0
3
0
9
2
3
3
3
3
3
2
2
1
1
1
1
1
1
0
0
2
4
4
4
3
3
5
2
2
2
7
7
7
2
8
6
11
1
2
2
9
0
5
8
5
8
16
15
8
1
3
2
-4
23
-8
-1
-2
19
11
-1
0
0
-1
-2
-3
0
7
-3
-3
-3
-2
-21
-1
-1
1
0
0
0
0
